    1  4694 2.253
    2 19694 6.267
    3 11950 3.616
    4  9411 1.356
    5  4528 5.675
    6  7563 5.698
    7  7621 2.959
    8 34288 12.140
    9  8025 5.013
   10   107 3.770
   11 16568 2.333
   12  4943 2.171
   13  3475 2.754
   14 18029 1.836
   15 22051 9.572
   16 20746 6.408
   17 24447 10.548
   18  5409 1.701
   19 41662 2.412
   20 17526 1.995
   21 21963 5.531
   22 18506 2.167
   23 19937 14.191
   24 13979 19.185
   25 11919 4.320
   26 15274 19.680
   27 37681 2.987
   28  2132 33.905
   29  3948 3.323
   30  9585 5.174
   31 18282 9.246
   32  6106 2.206
   33 29956 4.468
   34 18377 4.620
   35 29160 3.780
   36 15196 7.170
   37 35597 18.973
   38 14372 8.724
   39 23673 2.853
   40 13566 2.966
   41 12433 1.620
   42  5477 3.983
   43   155 20.681
   44 16499 2.302
   45 10295 25.696
   46  7105 3.716
   47 29071 2.788
   48 23238 7.214
   49 31155 5.558
   50 29673 1.434
   51    66 35.698
   52  5905 1.966
   53 27723 11.322
   54 17144 10.388
   55 10165 3.768
   56 35872 16.415
   57 19496 42.041
   58  8545 4.488
   59  7777 2.539
   60 14109 2.443
   61  7989 14.686
   62 17883 2.274
   63 23951 10.439
   64  1170 42.676
   65 20409 3.841
   66 17829 4.734
   67 25074 13.993
   68 15206 8.166
   69  8015 4.796
   70 37230 12.334
   71 21119 10.753
   72 16159 2.527
   73 22512 3.856
   74   201 95.546
   75 24106 3.379
   76 24900 5.488
   77    24 1.084
   78 17170 10.483
   79 30251 19.515
   80 19553 8.502
   81 23044 4.126
   82 25706 20.719
   83  6615 5.711
   84  9069 9.672
   85 10858 3.824
   86 13031 4.614
   87  3062 6.520
   88 11451 7.948
   89 34409 29.831
   90  1942 2.756
   91 18114 2.011
   92 25313 3.869
   93 21535 20.861
   94  3417 5.884
   95 10325 3.628
   96  6657 1.376
   97  4801 2.184
   98  7299 3.744
   99 12500 2.600
  100 20690 18.844
  101 11462 6.830
  102 18629 5.910
  103  7482 2.438
  104 16391 10.519
  105 37364 6.850
  106 14523 9.248
  107 16744 7.353
  108 19175 9.882
  109 28884 23.429
  110  7226 6.617
  111 35254 9.362
  112 10795 37.058
  113 22562 6.684
  114 11205 5.091
  115 11167 10.464
  116 24219 2.025
  117 26558 2.792
  118  6885 7.838
  119 30038 5.548
  120 23463 2.004
  121 26399 14.924
  122 14101 5.022
  123 15773 11.054
  124   203 1.572
  125 29246 7.614
  126 19149 1.774
  127 17859 9.471
  128  3893 4.496
  129 13336 2.827
  130 17400 2.580
  131  4720 4.093
  132 14311 3.328
  133 16410 19.472
  134  9059 24.594
  135 26268 1.769
  136  7338 3.266
  137 32208 4.244
  138 38063 25.652
  139  4227 5.760
  140 19073 2.922
  141 22100 5.890
  142  4153 3.224
  143 26619 6.828
  144 28310 7.198
  145  6405 5.396
  146  9282 3.085
  147 35578 4.064
  148 11138 5.436
  149  8750 1.986
  150  4781 9.414
  151 12507 6.900
  152  8904 2.644
  153 20398 11.706
  154 13437 1.816
  155 12247 5.136
  156  8573 3.421
  157 15651 4.573
  158 15008 7.848
  159  1916 12.556
  160  5201 11.905
  161 22237 4.019
  162 32259 3.207
  163 14269 2.951
  164 29202 8.939
  165 22258 4.200
  166  3694 11.502
  167 30788 5.718
  168 24544 9.882
  169 19772 40.778
  170  3969 11.605
  171 11791 9.943
  172  2648 9.184
  173  6152 9.112
  174 19171 8.548
  175 12158 15.474
  176  9994 5.482
  177 21708 8.240
  178  4232 1.900
  179  3064 77.286
  180 19846 34.078
  181  9390 3.407
  182 10381 17.029
  183 11024 10.967
  184 40378 6.561
  185  6788 10.528
  186 21274 2.312
  187  7530 8.616
  188 31841 8.764
  189 15507 22.810
  190 31081 2.476
  191 17527 2.331
  192 26382 1.786
  193 17165 4.551
  194  9514 5.379
  195 13432 7.253
  196 28993 2.392
  197 19087 6.236
  198 18722 9.292
  199  6915 3.480
  200 19699 7.220
  201 23572 4.236
  202 29516 3.768
  203 19567 6.122
  204  7304 4.946
  205  9175 3.462
  206  7653 4.312
  207  8456 26.228
  208  4512 6.510
  209  3596 6.847
  210  7588 5.265
  211 24900 5.428
  212 15050 2.746
  213 18397 15.733
  214 15931 11.345
  215  7477 2.920
  216  5920 9.968
  217 15426 18.930
  218 10487 1.892
  219 36681 8.994
  220 23300 7.068
  221 18917 10.346
  222  8412 8.448
  223 10662 3.391
  224  8040 2.435
  225 30254 7.946
  226 26410 3.330
  227  5265 5.171
  228  6639 5.316
  229 17477 1.855
  230 27414 6.674
  231  9983 9.362
  232  4186 5.449
  233 15202 4.054
  234  6263 5.765
  235 20178 4.236
  236 22337 9.246
  237 11866 16.424
  238 30775 9.744
  239 10004 17.302
  240 11077 4.768
  241  6665 1.816
  242  3882 28.818
  243 12884 2.392
  244 30611 11.446
  245 12701 1.804
  246 12628 27.047
  247 14635 5.937
  248 20431 9.162
  249 21572 6.210
  250     9 3.090
  251 10140 13.566
  252 14451 3.666
  253 25027 17.629
  254 15237 1.283
  255  9453 5.239
  256 19127 4.863
  257 29198 23.911
  258 15680 1.780
  259 27720 4.610
  260 23156 4.792
  261 12090 3.032
  262 15651 7.988
  263  4009 19.214
  264 10486 1.945
  265  5731 3.896
  266 18609 2.840
  267 12996 11.915
  268  3648 7.554
  269  2947 3.816
  270  7729 1.982
  271 17035 3.569
  272 13682 8.565
  273 11326 38.084
  274 14210 3.832
  275  2298 18.844
  276 10417 2.612
  277  7697 6.643
  278 35414 5.278
  279 32759 2.730
  280  7282 3.482
  281 17100 8.560
  282 22338 4.498
  283  3979 3.900
  284 18480 7.418
  285 15510 1.971
  286 16279 5.204
  287 12838 13.741
  288  9613 6.336
  289  3236 2.872
  290  1018 10.303
  291  5990 4.609
  292  7734 4.219
  293 21652 16.913
  294  8334 5.692
  295 16050 16.378
  296 17721 1.910
  297 25787 5.574
  298 32427 12.952
  299 23282 4.744
  300 27850 2.788
  301  5736 7.255
  302 11444 2.365
  303 26954 12.942
  304 13645 27.773
  305 10879 7.609
  306 19230 5.516
  307  5147 13.802
  308  7414 8.165
  309 15339 3.192
  310 31752 24.472
  311 11370 2.156
  312  3933 4.206
  313 17757 4.045
  314  3899 7.695
  315 39370 2.718
  316  6928 6.702
  317  4383 14.060
  318 17065 3.292
  319 19084 30.927
  320  8170 2.721
  321  7094 12.456
  322 18070 16.640
  323  6600 5.060
  324 28607 11.754
  325  7463 3.422
  326 32310 3.632
  327 14746 6.956
  328  9101 1.472
  329 32084 23.514
  330 28131 4.778
  331   764 22.896
  332 18896 3.784
  333  7673 2.542
  334 13698 2.208
  335 16219 9.383
  336 11169 2.501
  337 18773 2.324
  338 27873 3.224
  339  3191 3.183
  340    81 39.000
  341 37677 3.451
  342 21310 3.194
  343 24605 3.632
  344 14410 4.278
  345  8516 3.578
  346 14720 5.357
  347  2725 21.887
  348  7472 14.448
  349  7892 4.319
  350 13749 3.465
  351 32555 5.773
  352 11464 16.850
  353 24148 7.246
  354  9987 16.330
  355 23632 4.174
  356 13260 12.756
  357 19845 10.158
  358 15453 28.135
  359  9525 2.859
  360 13364 6.417
  361 19561 6.473
  362 42450 6.180
  363  6866 4.056
  364 21043 3.272
  365 14885 6.852
  366  2822 12.368
  367 23439 14.640
  368 17877 8.824
  369 13393 3.153
  370 15956 11.879
  371 17703 3.629
  372  6374 8.863
  373 21248 5.920
  374  1855 19.282
  375 16918 4.650
  376 18723 13.716
  377 12733 3.420
  378  4735 9.044
  379 17281 2.441
  380 15618 1.946
  381  9804 2.200
  382 28501 11.455
  383 16453 21.855
  384 27277 7.057
  385 10865 4.468
  386  8094 6.166
  387  4795 3.200
  388 22415 7.677
  389 10541 14.692
  390 17568 7.216
  391 12172 2.968
  392  5671 9.478
  393 11491 4.077
  394 26188 10.973
  395  8502 3.958
  396  8842 1.962
  397 31803 28.480
  398 28195 3.278
  399 13933 8.448
  400  9451 4.766
  401 20049 3.227
  402  2903 30.942
  403 12498 19.342
  404  8383 8.998
  405 14367 5.211
  406  1811 10.763
  407  7609 4.453
  408 20873 14.075
  409 20314 29.053
  410 12564 1.598
  411  7545 6.707
  412 16463 58.450
  413 28041 2.971
  414 14187 14.654
  415 10198 2.591
  416 24145 19.363
  417 13124 2.532
  418 10863 8.186
  419 19215 2.723
  420  8455 2.084
  421  9545 3.681
  422  9633 10.024
  423 14836 22.708
  424 26459 3.160
  425 24346 3.222
  426   534 12.022
  427 26271 20.480
  428 24558 7.868
  429  4577 1.651
  430  8974 1.697
  431 21408 2.245
  432 14022 4.664
  433 21617 3.107
  434 29528 11.209
  435  6580 2.255
  436 12593 8.328
  437 21518 4.000
  438 10765 6.596
  439  6331 2.840
  440 30063 20.456
  441  7666 10.834
  442 11531 4.522
  443 19874 4.888
  444 26724 11.060
  445  6873 5.052
  446 11981 7.254
  447 12762 6.848
  448 27950 3.283
  449  6263 2.192
  450 35332 13.268
  451   124 40.592
  452  8838 4.142
  453 10725 17.814
  454 13335 6.132
  455  7503 2.803
  456  4897 3.469
  457 22820 8.919
  458  6887 6.069
  459 36088 8.454
  460 24451 34.410
  461  4750 1.803
  462  7220 7.960
  463 21213 15.629
  464  8062 8.571
  465 32217 3.149
  466 15111 8.135
  467  4671 2.062
  468 36279 3.644
  469  5172 4.778
  470   340 33.167
  471 39564 21.701
  472 12472 2.667
  473 13834 10.529
  474 11525 4.548
  475 26704 36.155
  476 13759 5.201
  477 22080 4.280
  478 15495 4.116
  479 18007 4.665
  480 18515 10.167
  481  4219 6.367
  482 29714 2.942
  483 24284 5.610
  484 14997 6.672
  485 21099 2.700
  486 30054 7.023
  487 15171 3.725
  488    19 3.861
  489 45437 8.883
  490  6707 5.692
  491  4186 22.308
  492 17478 5.909
  493    66 26.602
  494 11483 8.683
  495 26940 11.805
  496 27116 6.558
  497  1649 2.090
  498 38316 19.444
  499  3818 7.611
  500 11890 8.811
  501 14004 10.784
  502 19589 3.074
  503 13068 3.408
  504 21666 3.785
  505 16270 4.131
  506 15164 2.768
  507 36174 3.278
  508 28643 3.440
  509  9260 9.104
  510 26514 12.557
  511 11966 2.250
  512 29357 12.210
  513  6565 9.270
  514 21016 4.224
  515  4716 3.886
  516 32684 4.912
  517 36104 8.312
  518  5344 2.647
  519 11220 7.128
  520 28199 17.424
  521 19016 1.500
  522 21170 2.892
  523 38628 8.244
  524 27468 10.096
  525  9190 3.436
  526 13787 17.930
  527 21956 4.238
  528 11460 4.882
  529 11663 1.834
  530 14444 2.810
  531 11771 1.642
  532  5472 5.200
  533 28662 6.444
  534 15590 2.872
  535 12977 2.736
  536 15546 6.980
  537  6353 4.675
  538   856 16.164
  539 16150 3.916
  540 13900 4.972
  541 17045 31.994
  542 18475 12.962
  543 13226 21.960
  544  9230 7.135
  545 38168 3.592
  546 34161 24.534
  547 17088 4.012
  548 19850 34.495
  549 11892 1.781
  550  8680 2.689
  551 25047 38.915
  552  7958 3.297
  553 12721 14.000
  554 20606 9.580
  555  9637 3.436
  556 13504 8.629
  557 24316 5.875
  558 10109 19.258
  559 12647 3.782
  560 15065 2.754
  561 21732 3.426
  562  7403 2.438
  563 34973 6.270
  564  2968 3.320
  565 11828 2.866
  566 12005 1.782
  567  8073 2.796
  568 36981 3.272
  569 27689 15.784
  570 19745 2.275
  571 28748 12.712
  572 17723 2.905
  573 36289 3.820
  574 11768 1.972
  575 31677 3.824
  576 25055 20.031
  577 30918 9.809
  578 19416 10.326
  579  4965 7.154
  580 15803 17.250
  581 21184 11.142
  582 17248 3.594
  583    22 7.054
  584 12606 2.134
  585 32391 23.534
  586 14316 41.583
  587  6265 2.301
  588 22470 1.731
  589 12092 1.954
  590 25518 6.622
  591  9489 5.410
  592  7921 7.960
  593 17121 10.293
  594  9421 3.877
  595  9434 6.673
  596 21075 3.967
  597 32756 20.226
  598 10853 7.884
  599 15138 11.394
  600 13882 4.260
  601  7207 2.029
  602 15092 3.929
  603  9352 13.621
  604 24620 5.507
  605  7104 5.224
  606 42023 6.855
  607  6128 3.465
  608 14277 10.020
  609  5896 4.044
  610 24525 2.285
  611 30949 3.644
  612 18866 10.499
  613 36246 7.697
  614 15013 5.079
  615 21368 21.665
  616  5656 5.884
  617 28314 7.662
  618 11875 2.873
  619  7544 5.617
  620 17659 8.880
  621 19878 24.836
  622 20371 8.468
  623 22015 9.703
  624 32981 8.681
  625 22073 3.712
  626  8489 10.122
  627 25956 5.942
  628 27351 27.945
  629 11959 8.079
  630 12496 5.116
  631 38346 12.169
  632 11763 1.888
  633  5041 11.552
  634  9596 13.500
  635 15122 12.632
  636 13350 6.384
  637    61 16.667
  638  3699 2.137
  639 35063 2.416
  640 21218 9.582
  641 21532 2.584
  642  6789 2.001
  643 34255 20.833
  644 27246 2.675
  645 24216 9.061
  646 39128 13.998
  647  7418 5.882
  648  7173 3.062
  649   698 18.977
  650 12712 11.338
  651 22406 2.012
  652 30591 12.474
  653 16621 11.800
  654  8790 7.685
  655 17868 5.759
  656 11241 14.411
  657 16863 4.377
  658 11837 4.817
  659 12321 2.721
  660 15308 3.406
  661 15120 1.884
  662  3631 75.956
  663  9842 4.746
  664 13890 11.451
  665 21445 10.450
  666    56 24.824
  667 10991 6.132
  668 24587 3.484
  669  1969 3.840
  670 27669 10.688
  671  7221 1.972
  672 26320 9.108
  673 11687 6.430
  674 13097 12.030
  675 28919 7.960
  676 12929 31.352
  677 24308 7.536
  678 11589 3.083
  679  9325 12.927
  680 19903 35.270
  681  1622 6.940
  682  6855 9.375
  683 16007 12.925
  684  8607 29.226
  685 27077 2.851
  686 36871 4.167
  687 17665 4.604
  688  8560 14.297
  689 11829 1.867
  690 32554 4.363
  691 18187 3.220
  692 37014 7.947
  693 13435 6.974
  694  6385 4.045
  695  9393 9.560
  696    12 33.212
  697  4530 4.740
  698 24880 3.706
  699 21610 3.072
  700 38992 6.270
  701  7560 11.468
  702 21470 13.444
  703  9729 4.498
  704  8296 3.978
  705 38261 4.304
  706 22590 2.816
  707 26615 1.963
  708  9510 5.038
  709 17729 13.068
  710 15306 4.096
  711 15358 3.540
  712 17392 4.324
  713 20261 14.392
  714  9466 16.962
  715 33830 3.236
  716 10024 3.871
  717 34263 4.581
  718 37002 3.373
  719 26539 2.844
  720 19970 1.355
  721  7913 30.642
  722 26097 2.316
  723 28918 17.497
  724 27790 6.353
  725 16602 4.553
  726 26150 5.948
  727  7237 61.771
  728 11576 15.369
  729  6009 6.166
  730  7806 28.140
  731  4548 4.800
  732 32011 17.189
  733 24339 37.575
  734  9221 10.294
  735 14313 0.816
  736 27915 2.455
  737 42855 15.007
  738 22221 2.305
  739 31912 11.912
  740 11676 7.228
  741 13137 6.944
  742 10443 9.264
  743  5759 10.934
  744 11993 26.188
  745 16035 8.266
  746  6201 2.515
  747 29598 14.010
  748 15926 4.676
  749 14951 7.090
  750  5541 8.116
  751 14863 2.094
  752 20779 4.782
  753 22638 2.857
  754 10616 5.421
  755 25358 21.737
  756  7793 7.995
  757  6299 6.907
  758 13437 3.850
  759 15837 7.247
  760 11748 3.369
  761  8201 9.930
  762  3401 5.385
  763  8507 2.276
  764 33605 13.993
  765 20854 3.607
  766 24916 9.157
  767 15839 1.800
  768 33731 6.244
  769  9232 2.292
  770 26818 2.246
  771 24312 11.476
  772  6722 17.093
  773 12819 17.125
  774 12820 2.434
  775 24188 10.042
  776  4028 5.676
  777 10164 5.780
  778  4325 1.820
  779 31524 22.935
  780 12738 8.544
  781 30295 14.734
  782 24472 4.391
  783 10093 2.681
  784 24406 2.855
  785 14192 2.601
  786 17223 5.144
  787 17554 7.468
  788 23778 44.180
  789 30771 13.431
  790 19935 8.443
  791 33479 61.050
  792 11826 3.046
  793 14294 1.778
  794 13632 2.159
  795  4918 4.026
  796 11520 4.411
  797 26922 1.444
  798 15224 2.086
  799 11177 2.550
  800 10349 5.806
  801 14614 6.190
  802 15331 5.668
  803 11561 2.750
  804 27127 34.988
  805 13727 15.740
  806 25728 5.603
  807 24610 8.265
  808  4797 9.983
  809 15066 6.033
  810  8279 45.938
  811 37594 8.790
  812    18 4.360
  813   599 6.237
  814  5683 2.343
  815 20710 20.460
  816  8612 2.675
  817 17345 1.290
  818 24430 0.695
  819 13545 1.727
  820 10242 5.205
  821 11589 1.994
  822 18735 6.532
  823  5734 18.556
  824 15595 12.824
  825  9604 3.904
  826 28650 7.828
  827 20884 7.627
  828 15256 9.673
  829 34908 22.684
  830 17846 8.106
  831 36513 9.086
  832 24910 22.302
  833  6617 1.484
  834 10636 3.754
  835  5153 2.572
  836 24812 7.318
  837 11973 2.830
  838  5764 15.191
  839 21158 2.981
  840 30462 5.506
  841 14992 9.010
  842 10540 2.567
  843 24507 3.459
  844 34764 5.277
  845 26722 2.504
  846 20528 2.052
  847  7690 11.854
  848 24097 5.041
  849  7767 4.880
  850  6288 3.607
  851 23493 4.111
  852  4548 3.577
  853  4400 1.406
  854 30138 18.007
  855 23576 2.431
  856 15546 9.384
  857 18066 5.164
  858 26256 7.940
  859 22696 3.596
  860 17877 6.137
  861 18596 16.040
  862  7480 1.656
  863 21844 15.396
  864 13635 2.212
  865 13616 4.500
  866 14523 2.540
  867 10739 1.954
  868 17167 5.496
  869 12512 12.678
  870 22790 10.619
  871 35242 12.629
  872 13197 11.100
  873 32942 3.532
  874  6344 4.830
  875  5002 4.234
  876  2018 4.196
  877 21871 16.634
  878  9809 5.416
  879 25781 8.912
  880  9325 16.982
  881 17716 5.047
  882 22715 1.842
  883 32434 2.296
  884 10055 4.813
  885  9752 3.344
  886 16102 8.707
  887 25767 23.884
  888  8303 2.339
  889 15609 60.348
  890 27145 3.838
  891 29651 4.787
  892 30767 22.684
  893 13385 3.456
  894 28674 2.858
  895 27534 4.508
  896  4373 2.869
  897  2389 8.034
  898 29289 5.014
  899  4262 2.612
  900  7705 2.261
  901 11832 0.861
  902 17355 0.729
  903  9149 1.201
  904 19058 8.175
  905 38675 4.344
  906 13191 25.015
  907 14704 35.876
  908 36784 3.636
  909 20609 2.898
  910 10653 12.958
  911 15895 4.985
  912 11968 1.658
  913  8119 2.255
  914 33531 3.103
  915 28355 3.134
  916 19146 6.139
  917 13079 1.149
  918 16688 0.566
  919  9889 0.498
  920  8763 1.222
  921 33877 2.115
  922  9101 0.823
  923 33931 1.507
  924 24258 4.299
  925  4674 3.646
  926 17767 2.280
  927 11050 2.691
  928 20060 5.178
  929 27518 3.000
  930 34811 13.496
  931 15009 10.788
  932    39 5.650
  933  8547 4.160
  934  9911 49.339
  935  6976 1.124
  936 34459 1.735
  937  6543 4.244
  938 16333 0.714
  939 19665 0.617
  940 23043 4.537
  941 10282 0.422
  942  9205 1.898
  943  5951 0.511
  944 10869 2.349
  945 18462 4.111
  946 13841 2.120
  947 14635 6.145
  948 12174 2.768
  949  6870 4.622
  950 11573 5.486
  951 27323 6.136
  952  4682 2.626
  953  7078 5.079
  954  7861 5.215
  955  5762 11.314
  956 25274 12.729
  957  2417 15.866
  958  5451 10.078
  959  4715 1.475
  960 12108 0.769
  961 12050 0.637
  962 30327 1.297
  963 13583 1.274
  964  4125 1.870
  965 19588 0.625
  966  6628 7.032
  967 12865 2.609
  968 12790 1.722
  969 10388 6.670
  970 10684 4.843
  971 10897 4.875
  972 16733 3.988
  973 13330 1.552
  974  9815 12.262
  975 28490 4.348
  976  1682 6.150
  977  9274 1.450
  978 14018 4.164
  979 12433 6.430
  980  9190 1.855
  981 23111 0.979
  982 22418 1.793
  983 28821 3.465
  984  3745 0.980
  985 13585 1.319
  986 35071 2.178
  987 29916 1.459
  988 37252 3.036
  989  2032 2.000
  990 11515 2.076
  991  5838 5.895
  992 14268 2.052
  993 28368 1.917
  994 17963 4.506
  995  9021 3.204
  996 22659 1.921
  997 18231 6.261
  998 22280 6.979
  999 26579 1.448
