    1  4694 1.186
    2 19735 3.094
    3 11950 1.794
    4  9411 0.799
    5  4528 2.489
    6  7563 4.100
    7  7965 1.716
    8 34316 10.697
    9  8028 4.620
   10   181 6.516
   11 16568 2.477
   12  4943 2.855
   13  3473 3.184
   14 18029 2.397
   15 22068 9.324
   16 20795 5.724
   17 24447 10.106
   18  5409 1.850
   19 41662 2.396
   20 17512 2.064
   21 21945 4.816
   22 18506 1.298
   23 19937 7.086
   24 14065 13.076
   25 11919 4.155
   26 15328 25.544
   27 37681 2.040
   28  2461 32.764
   29  4004 3.786
   30  9579 5.851
   31 18282 7.761
   32  6106 2.604
   33 29956 5.792
   34 18377 3.207
   35 29160 3.025
   36 15196 5.568
   37 35757 15.710
   38 14372 8.526
   39 23673 2.140
   40 13672 3.868
   41 12433 1.656
   42  5477 4.284
   43   155 9.029
   44 16499 1.673
   45 10255 19.173
   46  7105 2.768
   47 29071 3.709
   48 23238 7.943
   49 31155 5.759
   50 29673 1.466
   51    92 51.435
   52  5896 2.918
   53 27723 11.647
   54 17144 12.430
   55 10165 3.328
   56 35872 18.286
   57 19677 53.566
   58  8545 5.128
   59  7777 1.742
   60 14109 2.186
   61  7989 17.688
   62 17883 2.139
   63 23951 10.285
   64  1203 31.134
   65 20409 4.636
   66 17958 7.887
   67 25074 14.608
   68 15173 8.097
   69  8058 4.481
   70 37307 11.892
   71 21156 11.912
   72 16159 2.860
   73 22512 4.679
   74   174 71.918
   75 24106 4.032
   76 24900 6.252
   77    24 1.542
   78 17170 9.513
   79 30251 20.048
   80 19553 8.952
   81 23050 3.536
   82 26094 25.030
   83  6615 5.358
   84  9069 9.620
   85 10697 1.635
   86 13031 2.744
   87  3058 3.321
   88 11451 4.350
   89 34331 31.581
   90  1942 3.357
   91 18114 1.839
   92 25313 5.154
   93 21585 20.570
   94  3417 6.768
   95 10348 3.772
   96  6657 1.524
   97  4780 2.980
   98  7299 2.801
   99 12500 4.455
  100 20690 18.200
  101 11462 6.686
  102 18629 5.784
  103  7482 2.012
  104 16391 10.981
  105 37364 6.256
  106 14523 4.263
  107 16744 4.286
  108 19175 4.957
  109 28910 15.603
  110  7226 8.317
  111 35254 13.233
  112 10795 38.909
  113 22562 9.581
  114 11259 5.809
  115 11167 10.500
  116 24219 2.209
  117 26558 2.652
  118  6885 8.538
  119 30038 6.059
  120 23463 2.131
  121 26399 13.944
  122 14104 5.987
  123 15773 11.603
  124   203 1.424
  125 29246 5.242
  126 19149 2.171
  127 17859 4.035
  128  3921 2.804
  129 13336 1.594
  130 17400 1.537
  131  4721 2.177
  132 14311 1.583
  133 16567 16.384
  134  8177 27.597
  135 26322 2.270
  136  7338 3.243
  137 32208 3.948
  138 38063 25.186
  139  4220 5.806
  140 19073 2.054
  141 22100 5.600
  142  4150 3.492
  143 26619 7.064
  144 28310 7.309
  145  6373 6.835
  146  9282 3.192
  147 35578 3.504
  148 11138 3.038
  149  8750 1.068
  150  4781 4.577
  151 12507 2.833
  152  8904 1.173
  153 20398 6.035
  154 13437 1.537
  155 12247 3.684
  156  8573 4.699
  157 15651 4.912
  158 15063 8.883
  159  1898 16.218
  160  5201 12.598
  161 22228 2.516
  162 32259 3.310
  163 14269 2.642
  164 29171 9.348
  165 22258 3.587
  166  3694 15.290
  167 30788 4.247
  168 24544 11.893
  169 19926 23.982
  170  4387 9.196
  171 11791 10.439
  172  2702 9.569
  173  6159 9.081
  174 19171 10.427
  175 12252 21.559
  176  9994 5.491
  177 21708 8.577
  178  4254 2.207
  179  3186 80.373
  180 19846 31.875
  181  9390 2.981
  182 10381 17.009
  183 11024 12.972
  184 40378 5.508
  185  6809 9.112
  186 21274 2.219
  187  7530 9.693
  188 31841 9.816
  189 15507 26.820
  190 31081 1.129
  191 17527 1.071
  192 26382 1.143
  193 17165 2.582
  194  9514 3.090
  195 13432 4.428
  196 28993 1.164
  197 19087 4.768
  198 18722 9.130
  199  6915 3.119
  200 19699 6.418
  201 23572 5.947
  202 29516 4.291
  203 19567 7.141
  204  7304 5.924
  205  9175 3.411
  206  7653 5.172
  207  8456 26.680
  208  4512 6.869
  209  3596 8.056
  210  7588 5.841
  211 24900 2.442
  212 15050 1.591
  213 18880 6.434
  214 16145 8.005
  215  7592 2.597
  216  5920 11.173
  217 15426 18.445
  218 10487 2.753
  219 36681 9.252
  220 23300 6.028
  221 18917 7.674
  222  8369 9.902
  223 10662 2.974
  224  8040 3.814
  225 30323 10.472
  226 27638 4.021
  227  5238 5.537
  228  6655 5.358
  229 17482 1.914
  230 27414 5.070
  231  9983 9.142
  232  4190 2.910
  233 15290 3.150
  234  6263 3.349
  235 20186 2.195
  236 22337 3.807
  237 12021 14.434
  238 30775 8.008
  239 10021 17.870
  240 11077 2.770
  241  6665 2.236
  242  3920 30.528
  243 12884 1.991
  244 30929 11.737
  245 12701 1.955
  246 12508 27.966
  247 14646 5.371
  248 20431 8.445
  249 21553 6.747
  250     9 3.384
  251 10140 13.859
  252 14451 3.492
  253 25027 16.427
  254 15237 1.619
  255  9453 6.164
  256 19127 5.308
  257 29200 31.450
  258 15680 1.910
  259 27828 4.766
  260 23156 4.808
  261 12090 2.304
  262 16122 6.960
  263  4464 20.924
  264 10486 2.404
  265  5731 4.200
  266 18609 2.792
  267 12996 12.748
  268  3613 8.737
  269  2947 4.580
  270  7729 1.617
  271 17035 3.088
  272 13682 8.796
  273 12853 58.856
  274 14210 4.594
  275  2298 23.330
  276 10417 3.454
  277  7613 8.759
  278 35414 5.509
  279 32759 3.376
  280  7558 2.979
  281 17100 7.285
  282 22422 4.032
  283  3977 6.071
  284 18440 8.399
  285 15510 2.942
  286 16279 4.252
  287 13155 16.728
  288  9613 6.543
  289  3236 1.905
  290  1018 10.045
  291  5990 3.959
  292  7710 11.340
  293 21652 19.708
  294  8334 5.760
  295 16050 19.282
  296 17721 1.851
  297 25787 6.391
  298 32138 14.552
  299 23282 4.872
  300 27850 2.659
  301  5736 5.825
  302 11444 3.239
  303 27211 9.923
  304 13636 29.045
  305 10848 8.904
  306 19230 5.948
  307  5167 14.856
  308  7503 6.586
  309 15339 3.330
  310 31752 25.188
  311 11370 2.527
  312  3933 3.901
  313 17757 4.298
  314  3899 8.711
  315 39370 3.227
  316  6847 6.179
  317  4383 11.894
  318 17065 4.053
  319 19080 32.990
  320  8170 2.703
  321  7119 14.854
  322 18070 19.096
  323  6600 4.368
  324 28607 14.276
  325  7573 2.956
  326 32310 5.234
  327 14746 7.422
  328  9101 1.411
  329 32084 21.760
  330 28131 6.096
  331   723 24.386
  332 18896 4.347
  333  7673 2.110
  334 13698 2.384
  335 16219 8.652
  336 11169 2.204
  337 18773 3.151
  338 27873 3.149
  339  3191 3.048
  340    95 36.583
  341 37677 4.427
  342 21310 3.098
  343 24605 3.927
  344 14410 3.780
  345  8516 3.360
  346 14720 6.125
  347  2237 22.458
  348  7480 15.392
  349  7892 4.448
  350 13749 3.897
  351 32555 6.399
  352 11528 17.596
  353 24289 7.678
  354  9793 16.182
  355 23632 3.192
  356 13279 15.436
  357 19845 9.274
  358 15483 22.883
  359  9525 2.605
  360 13364 6.604
  361 19554 4.969
  362 42450 7.047
  363  6866 5.013
  364 21043 3.527
  365 14882 6.192
  366  2822 13.628
  367 23346 16.002
  368 17877 10.779
  369 13393 3.939
  370 15928 10.698
  371 17703 3.990
  372  6374 8.534
  373 21372 6.022
  374  2336 33.121
  375 16918 4.327
  376 19009 13.199
  377 12733 4.052
  378  4473 13.945
  379 17281 1.859
  380 15618 1.385
  381  9804 1.565
  382 28501 8.477
  383 16453 23.513
  384 27277 4.804
  385 10851 3.096
  386  8094 5.311
  387  4795 2.775
  388 22415 6.810
  389 10533 17.855
  390 17546 10.979
  391 12172 2.775
  392  5652 7.571
  393 11524 4.306
  394 26188 12.443
  395  8502 3.807
  396  8842 2.156
  397 31803 34.349
  398 28203 3.780
  399 13933 9.212
  400  9451 3.262
  401 20044 2.536
  402  2529 40.690
  403 12498 20.570
  404  8383 9.844
  405 14406 5.528
  406  1811 10.895
  407  7609 5.625
  408 20875 11.702
  409 20314 28.674
  410 12564 1.548
  411  7599 7.722
  412 16463 59.889
  413 28041 2.883
  414 14187 16.664
  415 10198 2.150
  416 24145 20.012
  417 13124 2.040
  418 10875 6.959
  419 19215 3.320
  420  8455 2.409
  421  9545 3.493
  422  9633 11.888
  423 14836 22.240
  424 26460 2.440
  425 24346 3.310
  426   558 7.892
  427 26264 22.706
  428 24558 6.995
  429  4577 1.918
  430  8974 2.176
  431 21390 2.546
  432 14022 5.269
  433 21617 2.205
  434 29528 11.134
  435  6580 2.942
  436 12586 7.798
  437 21518 5.166
  438 10765 6.314
  439  6331 3.296
  440 30063 20.194
  441  7666 10.427
  442 11531 4.564
  443 19874 7.507
  444 26724 13.450
  445  6873 5.573
  446 11981 7.742
  447 12611 9.888
  448 27950 3.470
  449  6263 2.330
  450 35186 17.156
  451   124 32.313
  452  8838 3.435
  453 10726 15.096
  454 13377 6.888
  455  7503 2.277
  456  4897 3.967
  457 22923 10.300
  458  6887 5.268
  459 36088 6.492
  460 24451 34.240
  461  4750 2.460
  462  7220 9.680
  463 21213 15.193
  464  8182 15.553
  465 32217 4.113
  466 15111 8.030
  467  4665 2.326
  468 36279 3.436
  469  5172 5.668
  470   193 38.726
  471 39589 19.805
  472 12472 2.548
  473 13834 10.790
  474 11525 4.755
  475 26700 34.637
  476 13808 4.743
  477 22080 3.151
  478 15495 3.416
  479 18007 4.277
  480 18515 10.800
  481  4227 5.788
  482 29776 2.784
  483 24284 6.549
  484 14940 6.872
  485 21094 2.620
  486 30196 5.612
  487 15171 4.354
  488    19 2.923
  489 45436 9.374
  490  6707 7.901
  491  4179 23.008
  492 17478 6.528
  493    66 31.652
  494 11520 6.820
  495 26940 12.522
  496 27129 5.573
  497  1649 1.785
  498 38429 19.591
  499  3804 7.451
  500 11898 9.242
  501 14004 11.498
  502 19589 2.496
  503 13068 3.666
  504 21666 2.744
  505 16270 4.548
  506 15164 3.333
  507 36174 3.068
  508 28794 4.198
  509  9260 8.542
  510 26514 15.253
  511 11966 2.241
  512 29035 16.728
  513  6565 7.717
  514 21016 5.276
  515  4716 2.620
  516 32684 4.549
  517 36104 9.279
  518  5413 3.190
  519 11220 5.789
  520 28199 15.642
  521 19016 1.634
  522 21170 2.198
  523 38628 8.502
  524 27545 10.274
  525  9190 2.203
  526 13787 17.178
  527 21956 4.608
  528 11507 4.852
  529 11663 2.604
  530 14441 2.709
  531 11771 1.728
  532  5472 4.539
  533 28662 7.001
  534 15629 3.187
  535 12977 2.202
  536 15616 7.323
  537  6353 5.498
  538   856 14.518
  539 16150 3.090
  540 13909 3.637
  541 17045 32.171
  542 18486 12.058
  543 13226 20.662
  544  9230 6.798
  545 38168 3.274
  546 34207 24.893
  547 17088 3.934
  548 19826 34.477
  549 11892 1.633
  550  8680 2.248
  551 25084 29.828
  552  7958 2.326
  553 12710 20.373
  554 20606 10.157
  555  9851 2.648
  556 13504 10.246
  557 24316 6.776
  558 10109 17.595
  559 12647 4.671
  560 15065 2.959
  561 21732 3.649
  562  7403 2.740
  563 34973 7.358
  564  2968 4.136
  565 11978 2.512
  566 12005 1.470
  567  8073 2.445
  568 36981 3.388
  569 27689 18.138
  570 19745 2.520
  571 28748 13.939
  572 17723 3.135
  573 36289 3.602
  574 11768 1.522
  575 31677 4.063
  576 25099 21.150
  577 30918 10.551
  578 19431 11.320
  579  4996 6.556
  580 15787 19.997
  581 21270 10.370
  582 17192 3.377
  583    22 6.709
  584 12655 1.911
  585 32391 23.874
  586 14222 40.846
  587  6269 2.162
  588 22470 1.664
  589 12092 2.052
  590 25557 6.062
  591  9489 5.223
  592  7903 5.551
  593 17121 8.202
  594  9421 4.391
  595  9494 6.304
  596 21075 4.085
  597 32836 22.310
  598 10853 8.618
  599 15172 10.940
  600 13882 4.788
  601  7207 1.876
  602 15137 3.119
  603  9348 13.496
  604 24620 6.096
  605  7104 5.498
  606 42023 7.014
  607  6108 5.277
  608 14277 9.892
  609  5896 2.876
  610 24525 1.876
  611 30949 4.445
  612 18866 8.415
  613 36258 6.360
  614 15013 5.266
  615 21368 23.070
  616  5656 6.094
  617 28285 7.952
  618 11875 3.926
  619  7558 8.524
  620 17659 9.444
  621 19909 23.432
  622 20371 8.273
  623 22286 15.335
  624 32981 8.866
  625 22073 3.596
  626  8489 7.763
  627 25956 6.207
  628 27351 27.276
  629 11945 6.791
  630 12496 4.453
  631 38346 9.499
  632 11763 1.826
  633  5069 12.882
  634  9596 14.156
  635 15122 14.704
  636 13350 8.341
  637    61 16.847
  638  3699 2.553
  639 35063 2.372
  640 21218 8.128
  641 21532 2.444
  642  6789 1.779
  643 34255 21.544
  644 27246 2.308
  645 24250 12.102
  646 39073 15.870
  647  7418 4.346
  648  7173 3.815
  649   694 21.122
  650 12645 9.485
  651 22406 2.438
  652 30641 11.670
  653 16621 10.426
  654  8790 6.589
  655 17868 5.480
  656 11146 14.534
  657 16846 4.134
  658 11906 5.308
  659 12321 3.318
  660 15308 3.624
  661 15120 1.676
  662  3625 75.236
  663  9842 4.104
  664 13890 10.683
  665 21445 10.312
  666    56 19.643
  667 10974 7.796
  668 24587 2.782
  669  1969 3.897
  670 27587 17.908
  671  7241 2.293
  672 26320 9.486
  673 11687 5.101
  674 13137 14.744
  675 28919 8.196
  676 12893 29.340
  677 24315 10.166
  678 11589 3.838
  679  9325 10.300
  680 19874 36.124
  681  1729 7.506
  682  6855 8.130
  683 16007 12.804
  684  8544 29.536
  685 27077 2.424
  686 36871 4.336
  687 17665 4.780
  688  8459 17.482
  689 11844 1.710
  690 32519 3.998
  691 18187 3.050
  692 37014 6.384
  693 13489 7.116
  694  6385 3.092
  695  9425 7.710
  696    12 32.025
  697  4530 5.465
  698 24880 3.942
  699 21629 3.200
  700 38992 4.712
  701  7521 9.070
  702 21516 15.208
  703  9729 4.294
  704  8296 4.998
  705 38261 4.987
  706 22672 3.173
  707 26615 2.199
  708  9502 5.265
  709 17747 14.432
  710 15306 3.587
  711 15403 3.181
  712 17392 4.761
  713 20261 16.516
  714  9466 16.988
  715 33830 4.680
  716 10024 4.440
  717 34263 6.088
  718 37002 3.696
  719 26539 4.099
  720 19970 1.925
  721  7974 31.420
  722 26097 1.908
  723 28721 19.471
  724 27790 5.941
  725 16600 4.443
  726 26150 5.743
  727  7295 46.522
  728 11605 12.384
  729  6009 6.450
  730  7319 19.536
  731  4554 4.181
  732 32011 16.910
  733 24405 46.327
  734  9221 21.374
  735 14313 1.530
  736 27915 2.212
  737 42855 14.964
  738 22221 1.995
  739 31912 11.557
  740 11727 9.376
  741 13137 7.836
  742 10443 9.392
  743  5759 10.038
  744 11993 25.754
  745 15981 6.304
  746  6201 1.847
  747 29598 14.039
  748 15926 4.849
  749 14951 5.779
  750  5564 8.273
  751 14863 2.258
  752 20824 4.491
  753 22638 2.731
  754 10616 4.556
  755 25358 19.800
  756  7793 7.152
  757  6299 8.046
  758 13437 3.361
  759 15837 8.149
  760 11748 4.070
  761  8201 8.153
  762  3399 7.204
  763  8507 2.074
  764 33605 11.989
  765 20825 2.856
  766 24916 9.317
  767 15839 1.501
  768 33731 6.421
  769  9232 2.629
  770 26818 2.108
  771 24589 9.091
  772  6722 17.901
  773 12885 16.172
  774 12820 2.046
  775 24188 9.338
  776  4028 3.133
  777 10196 8.461
  778  4325 2.707
  779 31524 22.231
  780 12738 8.879
  781 30360 15.178
  782 24472 3.776
  783 10093 3.536
  784 24406 3.959
  785 14192 2.457
  786 17223 7.014
  787 17559 7.557
  788 23778 50.687
  789 30771 14.446
  790 19935 6.540
  791 33373 68.628
  792 11826 2.793
  793 14294 2.119
  794 13632 2.977
  795  4946 7.200
  796 11520 7.508
  797 26922 2.812
  798 15195 3.312
  799 11207 3.249
  800 10349 7.426
  801 14615 7.480
  802 15331 5.722
  803 11561 2.318
  804 27127 36.830
  805 13727 15.106
  806 25728 4.744
  807 24610 8.736
  808  4763 8.460
  809 15066 6.792
  810  7769 47.454
  811 37594 10.405
  812    18 5.273
  813   577 6.462
  814  5683 2.869
  815 20699 26.822
  816  8697 3.348
  817 17345 2.599
  818 24430 1.465
  819 13545 3.384
  820 10252 5.742
  821 11589 2.140
  822 18743 6.256
  823  5734 14.924
  824 15721 12.128
  825  9564 5.380
  826 28667 8.908
  827 20884 9.848
  828 15256 11.796
  829 34946 20.656
  830 17846 9.682
  831 36513 8.784
  832 25224 23.106
  833  6617 2.057
  834 10636 4.031
  835  5153 3.674
  836 24812 9.566
  837 11973 4.876
  838  5695 16.234
  839 21158 4.094
  840 30462 6.353
  841 14992 8.323
  842 10540 2.603
  843 24507 2.666
  844 34923 3.927
  845 26722 2.676
  846 20528 2.647
  847  7690 12.345
  848 24097 5.039
  849  7767 4.061
  850  6288 4.209
  851 23493 4.206
  852  4552 2.933
  853  4400 1.452
  854 30138 14.300
  855 23576 2.715
  856 15525 10.471
  857 18066 6.354
  858 26256 9.184
  859 22696 3.003
  860 17877 6.951
  861 18596 14.716
  862  7480 1.739
  863 21844 16.089
  864 13635 2.898
  865 13616 4.458
  866 14523 3.192
  867 10739 1.856
  868 17147 5.806
  869 12512 12.782
  870 22790 8.026
  871 35242 12.190
  872 13223 11.000
  873 32942 3.104
  874  6344 6.875
  875  5002 3.989
  876  2018 3.554
  877 21787 15.110
  878  9809 4.467
  879 25781 9.535
  880  9249 17.554
  881 17716 4.402
  882 22715 2.051
  883 32434 2.737
  884 10055 3.913
  885  9752 3.767
  886 16096 7.973
  887 25747 20.231
  888  8303 2.562
  889 15680 62.906
  890 27145 4.366
  891 29651 7.070
  892 30687 29.458
  893 13385 3.680
  894 28864 2.923
  895 27534 4.575
  896  4379 3.401
  897  2387 9.524
  898 29289 8.056
  899  4262 4.848
  900  7705 4.392
  901 11832 1.868
  902 17355 1.492
  903  9149 2.300
  904 19138 8.305
  905 38675 5.022
  906 13198 21.572
  907 14704 38.544
  908 36784 3.370
  909 20609 3.776
  910 10471 19.880
  911 15838 5.184
  912 11968 1.450
  913  8119 3.018
  914 33531 3.552
  915 28355 6.156
  916 19146 11.765
  917 13079 2.817
  918 16688 1.158
  919  9889 1.332
  920  8763 3.132
  921 33877 4.752
  922  9101 1.572
  923 33931 2.896
  924 24294 7.118
  925  4674 4.514
  926 17767 2.194
  927 11050 2.864
  928 20060 5.332
  929 27518 2.782
  930 34782 12.842
  931 15009 12.836
  932    39 6.472
  933  8547 3.808
  934 10396 57.192
  935  6976 1.940
  936 34453 2.732
  937  6543 6.302
  938 16350 1.194
  939 19665 1.032
  940 23043 5.200
  941 10282 0.518
  942  9205 2.028
  943  5951 0.608
  944 10958 2.384
  945 18484 4.859
  946 13841 2.230
  947 14635 5.872
  948 12174 2.918
  949  6874 4.438
  950 11573 5.903
  951 27284 7.829
  952  4674 2.342
  953  7078 5.388
  954  7846 5.913
  955  5812 11.505
  956 25224 15.411
  957  2408 14.679
  958  5317 15.522
  959  4694 2.236
  960 12108 1.424
  961 12060 1.288
  962 30327 2.470
  963 13583 2.222
  964  4125 3.807
  965 19588 0.985
  966  6628 9.743
  967 12865 1.788
  968 12769 2.750
  969 10392 8.078
  970 10684 4.568
  971 10897 6.612
  972 16588 4.804
  973 13330 1.313
  974  9815 11.975
  975 28490 5.900
  976  1714 4.566
  977  9274 1.274
  978 14165 4.215
  979 12490 10.208
  980  9190 3.877
  981 23111 2.240
  982 22418 2.744
  983 28821 6.444
  984  3745 1.786
  985 13585 2.540
  986 35071 3.981
  987 29916 2.639
  988 37252 3.504
  989  1669 2.350
  990 11515 2.466
  991  5838 6.526
  992 14268 1.928
  993 28368 2.088
  994 18021 6.892
  995  9021 3.363
  996 22659 2.073
  997 18221 6.582
  998 22224 9.197
  999 26579 1.433
