    1  4694 1.119
    2 19735 3.074
    3 11950 1.747
    4  9411 1.088
    5  4528 2.669
    6  7563 3.530
    7  7923 2.216
    8 34316 6.213
    9  8060 2.572
   10   107 2.066
   11 16568 1.090
   12  4943 1.358
   13  3472 1.254
   14 18029 1.375
   15 22068 5.102
   16 20746 2.998
   17 24447 5.778
   18  5409 1.062
   19 41662 1.951
   20 17512 1.196
   21 21945 3.587
   22 18506 1.060
   23 19937 7.221
   24 13785 9.419
   25 11919 2.674
   26 15340 9.993
   27 37681 1.404
   28  1771 10.369
   29  4003 1.979
   30  9579 3.092
   31 18282 4.051
   32  6106 1.606
   33 29956 2.645
   34 18377 2.086
   35 29160 2.186
   36 15196 4.017
   37 35757 8.940
   38 14372 4.539
   39 23673 1.415
   40 13672 2.322
   41 12433 1.006
   42  5477 2.302
   43   155 9.953
   44 16499 1.450
   45 10255 12.575
   46  7105 1.792
   47 29071 2.154
   48 23238 3.393
   49 31155 3.408
   50 29673 1.036
   51    92 27.530
   52  5905 1.588
   53 27723 5.833
   54 17185 5.922
   55 10165 1.793
   56 35872 9.992
   57 19677 25.874
   58  8545 2.878
   59  7777 1.510
   60 14109 1.481
   61  7989 8.121
   62 17883 1.518
   63 23951 5.390
   64  1170 20.378
   65 20409 1.980
   66 17958 3.085
   67 25074 7.922
   68 15233 4.838
   69  8073 2.590
   70 37258 6.012
   71 21177 6.079
   72 16159 1.721
   73 22512 2.676
   74   201 50.520
   75 24106 1.954
   76 24900 3.035
   77    34 1.150
   78 17170 6.552
   79 30251 9.815
   80 19553 5.997
   81 23044 2.382
   82 25677 10.316
   83  6615 2.966
   84  9069 4.996
   85 10697 1.621
   86 13003 2.676
   87  3058 3.444
   88 11525 4.425
   89 34336 17.511
   90  1942 1.853
   91 18114 1.103
   92 25313 2.574
   93 21615 12.027
   94  3417 3.798
   95 10325 2.589
   96  6657 0.940
   97  4780 1.524
   98  7299 1.882
   99 12500 1.969
  100 20690 9.785
  101 11473 3.307
  102 18629 3.166
  103  7482 1.556
  104 16391 5.721
  105 37364 3.474
  106 14523 4.582
  107 16744 4.843
  108 19175 5.229
  109 28910 9.459
  110  7226 4.145
  111 35158 5.883
  112 10760 19.542
  113 22562 4.775
  114 11267 4.343
  115 11167 4.975
  116 24219 1.121
  117 26558 1.439
  118  6885 5.319
  119 30038 3.385
  120 23463 1.428
  121 26485 7.166
  122 14104 3.366
  123 15773 5.746
  124   203 1.008
  125 29246 3.427
  126 19149 1.411
  127 17859 4.309
  128  3893 2.510
  129 13336 1.696
  130 17400 1.361
  131  4720 2.607
  132 14311 1.799
  133 16396 9.049
  134  9106 11.148
  135 26322 1.325
  136  7338 1.906
  137 32208 2.244
  138 38063 12.088
  139  4220 3.377
  140 19073 1.399
  141 22100 2.819
  142  4146 1.894
  143 26619 3.707
  144 28310 4.512
  145  6373 3.818
  146  9282 2.057
  147 35578 2.148
  148 11138 3.217
  149  8750 1.438
  150  4781 4.894
  151 12507 3.119
  152  8904 1.387
  153 20398 5.232
  154 13437 0.982
  155 12247 2.439
  156  8573 2.331
  157 15651 3.053
  158 15008 3.801
  159  1869 5.752
  160  5201 5.834
  161 22224 1.808
  162 32259 1.855
  163 14269 1.610
  164 29164 5.394
  165 22258 1.789
  166  3694 7.625
  167 30788 3.043
  168 24544 5.855
  169 19811 19.345
  170  4319 4.891
  171 11791 5.143
  172  2648 4.752
  173  6152 4.384
  174 19171 5.575
  175 12008 8.226
  176  9994 2.809
  177 21708 4.258
  178  4232 1.150
  179  3297 38.006
  180 19846 15.374
  181  9390 2.076
  182 10311 8.884
  183 11024 5.106
  184 40378 3.391
  185  6809 4.159
  186 21274 1.394
  187  7577 4.397
  188 31863 5.235
  189 15507 12.923
  190 31081 1.274
  191 17527 1.632
  192 26382 1.574
  193 17165 2.825
  194  9514 3.336
  195 13432 4.166
  196 28993 1.516
  197 19087 3.854
  198 18722 5.203
  199  6915 1.977
  200 19699 3.585
  201 23572 2.626
  202 29516 2.124
  203 19567 3.431
  204  7304 2.774
  205  9175 1.838
  206  7653 2.871
  207  8456 14.976
  208  4512 3.184
  209  3596 3.845
  210  7588 3.377
  211 24900 2.861
  212 15050 1.450
  213 18880 6.806
  214 16145 6.353
  215  7607 1.525
  216  5915 5.684
  217 15426 8.377
  218 10487 1.462
  219 36681 5.384
  220 23300 3.557
  221 18917 4.758
  222  8296 5.609
  223 10662 2.091
  224  8040 1.953
  225 30254 5.098
  226 27638 2.004
  227  5265 2.496
  228  6659 2.750
  229 17482 1.234
  230 27428 3.325
  231  9983 5.293
  232  4208 2.501
  233 15290 3.725
  234  6271 3.317
  235 20178 2.032
  236 22337 4.469
  237 11822 9.164
  238 30811 4.388
  239 10004 8.936
  240 11077 2.402
  241  6665 1.124
  242  4198 21.256
  243 12884 1.293
  244 30929 5.576
  245 12701 1.000
  246 12537 15.667
  247 14646 2.759
  248 20431 4.592
  249 21553 3.906
  250     9 1.723
  251 10140 7.913
  252 14451 2.317
  253 25027 7.822
  254 15237 0.791
  255  9453 3.228
  256 19127 2.487
  257 29208 16.205
  258 15680 1.202
  259 27828 2.726
  260 23156 2.905
  261 12090 1.714
  262 16034 3.130
  263  4186 9.283
  264 10486 1.464
  265  5731 2.876
  266 18609 1.628
  267 12996 5.631
  268  3576 5.416
  269  2947 2.056
  270  7729 1.213
  271 17035 2.263
  272 13682 4.449
  273 12853 25.245
  274 14210 2.300
  275  2298 10.147
  276 10417 1.569
  277  7613 5.297
  278 35414 3.160
  279 32759 1.829
  280  7713 1.815
  281 17100 4.195
  282 22422 2.491
  283  3977 3.000
  284 18440 4.307
  285 15510 1.386
  286 16279 3.236
  287 13022 7.062
  288  9613 4.207
  289  3236 1.433
  290  1018 5.149
  291  5990 2.746
  292  7710 4.352
  293 21652 10.009
  294  8340 3.392
  295 16050 10.322
  296 17721 1.254
  297 25787 3.365
  298 32144 9.382
  299 23282 2.908
  300 27850 1.714
  301  5736 3.646
  302 11444 1.692
  303 27019 7.033
  304 13685 11.838
  305 10848 4.431
  306 19230 2.844
  307  5145 9.157
  308  7414 3.829
  309 15339 1.539
  310 31789 11.548
  311 11370 1.300
  312  3910 2.515
  313 17757 1.938
  314  3899 4.063
  315 39370 1.897
  316  6936 3.456
  317  4383 7.618
  318 17065 2.004
  319 19016 17.182
  320  8170 1.580
  321  7102 8.122
  322 18070 9.734
  323  6600 2.711
  324 28607 6.394
  325  7573 1.716
  326 32310 2.642
  327 14746 3.639
  328  9101 1.011
  329 32084 11.514
  330 28131 2.955
  331   724 11.776
  332 18862 2.262
  333  7673 1.283
  334 13698 1.538
  335 16219 5.229
  336 11169 1.489
  337 18773 1.979
  338 27873 1.785
  339  3191 2.128
  340    95 18.346
  341 37677 2.234
  342 21310 1.717
  343 24605 1.984
  344 14410 2.309
  345  8516 2.325
  346 14720 3.271
  347  2302 12.126
  348  7480 7.012
  349  7892 2.282
  350 13749 1.898
  351 32555 3.072
  352 11528 8.948
  353 24148 3.926
  354 10005 7.987
  355 23632 1.998
  356 13279 7.696
  357 19845 5.105
  358 15483 14.452
  359  9525 2.062
  360 13364 3.296
  361 19477 3.404
  362 42450 3.618
  363  6866 2.696
  364 21043 2.061
  365 14900 4.175
  366  2822 7.063
  367 23463 8.967
  368 17877 6.426
  369 13393 1.780
  370 15956 5.710
  371 17703 2.177
  372  6371 4.295
  373 21372 3.274
  374  2336 15.446
  375 16918 2.806
  376 19009 7.443
  377 12718 2.113
  378  5419 5.290
  379 17281 1.586
  380 15618 0.995
  381  9804 1.122
  382 28536 3.873
  383 16453 11.360
  384 27277 3.755
  385 10851 2.602
  386  8094 3.154
  387  4795 1.718
  388 22415 3.824
  389 10533 8.192
  390 17551 4.219
  391 12192 1.572
  392  5652 3.513
  393 11524 2.900
  394 26188 5.402
  395  8502 2.258
  396  8842 1.326
  397 31803 16.301
  398 28208 1.980
  399 13933 4.257
  400  9451 2.211
  401 20044 1.917
  402  2526 22.534
  403 12498 9.602
  404  8280 5.635
  405 14367 2.557
  406  1811 5.321
  407  7609 2.522
  408 20875 7.250
  409 20314 14.461
  410 12564 1.258
  411  7599 4.437
  412 16463 31.789
  413 28041 1.928
  414 14187 8.656
  415 10198 1.268
  416 24145 9.716
  417 13124 1.480
  418 10901 3.734
  419 19215 1.889
  420  8455 1.450
  421  9527 1.743
  422  9633 5.778
  423 14836 11.674
  424 26460 1.812
  425 24346 1.865
  426   558 4.077
  427 26264 9.943
  428 24534 4.578
  429  4577 0.817
  430  8974 1.113
  431 21408 1.368
  432 14022 2.672
  433 21617 1.796
  434 29528 5.741
  435  6580 1.503
  436 12454 4.281
  437 21518 2.511
  438 10765 3.615
  439  6331 1.703
  440 30063 10.531
  441  7666 5.336
  442 11531 2.808
  443 19874 3.408
  444 26724 6.406
  445  6873 3.594
  446 12201 3.201
  447 12611 4.184
  448 27950 2.031
  449  6263 1.437
  450 35301 7.327
  451   124 18.520
  452  8838 1.960
  453 10822 9.208
  454 13377 3.551
  455  7503 1.603
  456  4897 2.170
  457 22820 5.150
  458  6887 2.994
  459 36088 3.959
  460 24451 17.926
  461  4750 1.642
  462  7220 4.418
  463 21213 7.613
  464  8182 6.342
  465 32217 2.013
  466 15111 3.931
  467  4665 1.029
  468 36279 2.737
  469  5172 3.249
  470   462 20.505
  471 39584 11.372
  472 12472 1.553
  473 13834 5.494
  474 11522 2.474
  475 26700 18.579
  476 13808 2.860
  477 22080 2.182
  478 15495 2.332
  479 18004 2.778
  480 18515 6.065
  481  4198 3.143
  482 29714 1.318
  483 24302 3.526
  484 14940 3.426
  485 21094 1.337
  486 30196 3.282
  487 15171 2.081
  488    19 1.946
  489 45436 4.973
  490  6780 4.744
  491  4272 10.543
  492 17478 4.465
  493    66 14.062
  494 11520 4.745
  495 26940 6.152
  496 27129 3.724
  497  1649 1.336
  498 38477 10.441
  499  3808 4.102
  500 11898 5.716
  501 14004 5.716
  502 19589 1.605
  503 13068 1.960
  504 21655 2.121
  505 16270 1.942
  506 15164 1.975
  507 36174 1.727
  508 28794 2.040
  509  9170 4.173
  510 26514 7.111
  511 11966 1.059
  512 28934 8.634
  513  6565 4.989
  514 21016 3.005
  515  4716 1.895
  516 32684 2.621
  517 36104 5.060
  518  5344 1.818
  519 11220 3.612
  520 28199 8.860
  521 19016 1.119
  522 21170 1.373
  523 38628 5.259
  524 27468 5.320
  525  9190 1.592
  526 13787 9.889
  527 21956 2.348
  528 11507 2.608
  529 11647 1.591
  530 14444 1.543
  531 11771 1.239
  532  5472 2.668
  533 28662 3.816
  534 15629 2.103
  535 12977 1.377
  536 15616 3.896
  537  6407 3.065
  538   856 7.675
  539 16150 2.242
  540 14006 2.443
  541 17045 16.826
  542 18493 6.653
  543 13226 11.744
  544  9230 4.113
  545 38168 1.949
  546 34223 11.011
  547 17088 1.928
  548 19826 17.693
  549 11892 1.161
  550  8680 1.789
  551 25084 16.402
  552  7947 2.056
  553 12710 10.961
  554 20606 6.263
  555  9851 1.511
  556 13504 5.201
  557 24324 3.399
  558 10109 9.996
  559 12647 2.425
  560 15065 1.551
  561 21732 2.153
  562  7403 1.432
  563 34973 3.408
  564  2968 1.975
  565 11828 1.584
  566 12005 1.130
  567  8073 1.677
  568 36981 1.771
  569 27689 8.676
  570 19745 1.335
  571 28748 7.538
  572 17727 2.220
  573 36289 2.176
  574 11768 0.941
  575 31677 2.305
  576 25099 11.164
  577 31366 6.927
  578 19431 5.434
  579  4996 3.479
  580 15787 11.457
  581 21270 5.870
  582 17190 2.115
  583    22 4.276
  584 12752 1.588
  585 32391 10.816
  586 14222 20.950
  587  6289 1.694
  588 22470 1.219
  589 12092 1.332
  590 25518 4.053
  591  9489 3.519
  592  8123 3.333
  593 17121 5.172
  594  9421 2.164
  595  9494 3.444
  596 21083 2.684
  597 32764 13.397
  598 10853 5.061
  599 15172 6.001
  600 13892 3.162
  601  7207 1.088
  602 15137 1.984
  603  9278 7.942
  604 24620 3.028
  605  7104 3.198
  606 42023 4.206
  607  6087 3.012
  608 14277 4.667
  609  5896 1.732
  610 24525 1.239
  611 30949 2.535
  612 18866 5.823
  613 36258 3.853
  614 15013 2.480
  615 21368 10.999
  616  5656 3.198
  617 28386 5.052
  618 11875 1.850
  619  7558 4.316
  620 17659 5.117
  621 19909 13.171
  622 20371 4.835
  623 22365 6.746
  624 32981 4.521
  625 22073 2.007
  626  8489 4.860
  627 25956 3.397
  628 27351 14.243
  629 11945 4.231
  630 12496 2.599
  631 38346 5.419
  632 11763 1.167
  633  5074 7.025
  634  9596 6.348
  635 15122 7.470
  636 13491 4.145
  637    61 8.411
  638  3699 1.356
  639 34982 1.497
  640 21218 4.659
  641 21532 1.204
  642  6789 1.039
  643 34255 11.762
  644 27246 1.681
  645 24250 4.499
  646 38928 6.519
  647  7418 2.871
  648  7173 1.930
  649   700 10.917
  650 12645 5.876
  651 22406 1.250
  652 30641 6.532
  653 16636 5.705
  654  8790 4.160
  655 17868 3.453
  656 11146 7.707
  657 16846 2.692
  658 11830 2.906
  659 12321 1.887
  660 15308 1.722
  661 15120 1.171
  662  3675 34.217
  663  9842 2.327
  664 14016 5.519
  665 21445 5.947
  666    56 11.897
  667 10991 3.882
  668 24587 2.017
  669  1969 2.004
  670 27587 7.909
  671  7241 1.568
  672 26320 5.689
  673 11687 3.346
  674 13097 7.419
  675 28919 4.936
  676 12929 15.464
  677 24315 4.311
  678 11589 1.944
  679  9325 6.803
  680 19874 18.684
  681  1729 3.925
  682  6855 3.948
  683 16007 7.276
  684  8544 13.916
  685 27077 1.417
  686 36871 2.302
  687 17665 2.505
  688  8520 9.017
  689 11844 1.072
  690 32519 2.305
  691 18187 1.903
  692 37014 4.980
  693 13435 3.650
  694  6385 2.152
  695  9393 5.086
  696    12 17.694
  697  4523 2.651
  698 24880 1.784
  699 21610 1.734
  700 38992 3.165
  701  7532 5.594
  702 21519 7.697
  703  9729 1.948
  704  8296 2.585
  705 38261 2.568
  706 22590 1.598
  707 26615 1.138
  708  9493 2.675
  709 17747 7.039
  710 15306 2.401
  711 15403 1.806
  712 17392 2.573
  713 20261 7.850
  714  9466 9.589
  715 33830 2.519
  716 10024 2.367
  717 34263 2.781
  718 37002 2.456
  719 26539 2.175
  720 19970 1.077
  721  7990 13.667
  722 26097 1.245
  723 28740 10.372
  724 27790 3.890
  725 16600 2.162
  726 26150 3.684
  727  7269 25.406
  728 11576 7.633
  729  6009 3.220
  730  7290 12.256
  731  4554 2.333
  732 32029 9.218
  733 24405 27.462
  734  9221 12.397
  735 14313 1.046
  736 27915 1.406
  737 43024 8.646
  738 22221 1.323
  739 31912 6.667
  740 11727 5.238
  741 13132 3.327
  742 10153 5.660
  743  5813 5.558
  744 11993 12.535
  745 15981 4.602
  746  6201 1.656
  747 29598 7.143
  748 15926 2.507
  749 14951 3.300
  750  5587 5.460
  751 14863 1.561
  752 20824 2.432
  753 22638 1.700
  754 10616 2.496
  755 25358 10.936
  756  7793 3.989
  757  6299 4.094
  758 13437 2.325
  759 15837 3.744
  760 11748 2.323
  761  8201 4.984
  762  3397 3.275
  763  8507 1.388
  764 33605 6.682
  765 20825 2.085
  766 24916 4.665
  767 15839 1.197
  768 33731 3.036
  769  9232 1.435
  770 26818 1.306
  771 24480 6.132
  772  6755 4.141
  773 12902 8.885
  774 12820 1.313
  775 24188 4.835
  776  4028 2.035
  777 10164 2.937
  778  4330 1.524
  779 31524 12.876
  780 12857 3.929
  781 30360 8.819
  782 24472 2.722
  783 10093 1.706
  784 24831 1.964
  785 14192 1.545
  786 17223 3.547
  787 17559 5.553
  788 23778 24.326
  789 30771 6.566
  790 19935 4.764
  791 33905 35.454
  792 11826 1.755
  793 14294 1.203
  794 13632 1.324
  795  4946 3.775
  796 11520 4.365
  797 26922 1.625
  798 15195 1.876
  799 11207 1.563
  800 10349 3.501
  801 14594 3.904
  802 15331 3.618
  803 11561 1.429
  804 27127 16.274
  805 13759 10.583
  806 25728 3.719
  807 24610 4.048
  808  4853 6.180
  809 15066 3.558
  810  8319 23.984
  811 37594 5.138
  812    18 3.033
  813   577 3.316
  814  5683 1.663
  815 20746 13.180
  816  8697 2.203
  817 17345 1.730
  818 24430 1.101
  819 13545 2.144
  820 10252 2.720
  821 11593 1.315
  822 18743 4.617
  823  5756 7.678
  824 15595 6.491
  825  9604 1.914
  826 28667 4.533
  827 20884 5.571
  828 15330 5.954
  829 34881 10.969
  830 17846 4.606
  831 36513 5.028
  832 25320 12.373
  833  6617 1.235
  834 10636 2.443
  835  5153 1.796
  836 24812 4.997
  837 11973 2.280
  838  5695 10.977
  839 21158 2.345
  840 30462 3.212
  841 14992 4.968
  842 10540 1.562
  843 24507 2.075
  844 34923 2.882
  845 26722 1.399
  846 20528 1.223
  847  7847 5.766
  848 24097 2.832
  849  7767 3.195
  850  6288 2.193
  851 23493 2.098
  852  4661 1.995
  853  4400 0.888
  854 30138 8.260
  855 23576 1.438
  856 15546 5.122
  857 18066 3.379
  858 26256 5.042
  859 22696 2.074
  860 17877 2.986
  861 18596 7.916
  862  7480 0.881
  863 21844 8.256
  864 13635 1.369
  865 13616 2.409
  866 14523 2.723
  867 10739 1.465
  868 17147 3.150
  869 12512 7.227
  870 22790 5.140
  871 35242 6.097
  872 13223 6.324
  873 32942 1.869
  874  6344 3.772
  875  5002 2.456
  876  2018 1.878
  877 21787 7.960
  878  9809 2.868
  879 25781 5.465
  880  9249 9.899
  881 17716 2.573
  882 22715 0.792
  883 32434 1.573
  884 10055 2.772
  885  9696 2.341
  886 16096 4.394
  887 25747 12.146
  888  8303 1.398
  889 15680 31.107
  890 27145 2.783
  891 29651 3.656
  892 30743 15.293
  893 13401 2.312
  894 28864 1.722
  895 27534 2.525
  896  4373 2.166
  897  2379 5.817
  898 29289 5.315
  899  4262 2.992
  900  7705 3.152
  901 11832 0.885
  902 17355 0.846
  903  9149 1.155
  904 19138 4.442
  905 38675 2.736
  906 13198 12.430
  907 14704 20.224
  908 36784 1.955
  909 20609 2.328
  910 10490 9.552
  911 16229 2.808
  912 11968 0.635
  913  8119 1.438
  914 33531 2.490
  915 28355 3.315
  916 19146 6.733
  917 13079 1.159
  918 16688 0.580
  919  9889 0.521
  920  8763 1.325
  921 33901 2.476
  922  9101 1.040
  923 33936 1.617
  924 24258 4.767
  925  4762 2.083
  926 17767 1.146
  927 11050 1.535
  928 20060 2.859
  929 27518 1.792
  930 34838 7.806
  931 15009 6.273
  932    39 2.872
  933  8547 2.285
  934 10116 29.611
  935  6976 1.058
  936 34453 1.674
  937  6543 3.853
  938 16350 0.770
  939 19665 0.613
  940 23043 4.364
  941 10282 0.413
  942  9205 2.273
  943  5951 0.693
  944 10869 2.769
  945 18462 5.011
  946 13841 1.131
  947 14635 3.395
  948 12174 1.583
  949  6870 2.685
  950 11573 3.210
  951 27284 3.682
  952  4674 1.676
  953  7078 2.752
  954  7846 3.080
  955  5806 7.373
  956 25224 8.435
  957  2417 8.184
  958  5324 6.285
  959  4806 1.576
  960 12108 0.841
  961 12060 0.693
  962 30327 1.640
  963 13583 1.466
  964  4125 2.118
  965 19588 0.523
  966  6640 7.801
  967 12865 1.417
  968 12790 1.668
  969 10392 3.834
  970 10684 2.386
  971 10897 3.074
  972 16588 2.449
  973 13330 0.757
  974  9815 6.775
  975 28642 2.945
  976  1714 3.233
  977  9274 0.602
  978 14228 2.489
  979 12433 4.830
  980  9190 2.054
  981 23111 1.280
  982 22418 1.724
  983 28821 3.736
  984  3745 0.782
  985 13585 1.235
  986 35071 2.152
  987 29916 1.371
  988 37252 2.162
  989  1669 1.664
  990 11515 1.281
  991  5838 3.533
  992 14268 1.164
  993 28368 1.332
  994 18021 3.632
  995  9021 1.823
  996 22659 1.193
  997 18221 3.936
  998 22224 5.183
  999 26579 1.011
