    1  4697 0.675
    2 19723 2.493
    3 11848 1.103
    4  9411 0.533
    5  4528 1.836
    6  7568 1.582
    7  7891 1.807
    8 34012 4.500
    9  8079 2.078
   10   499 1.829
   11 16570 0.794
   12  4943 1.018
   13  3479 0.696
   14 18029 0.880
   15 22004 4.657
   16 20773 2.317
   17 24525 2.199
   18  5409 0.756
   19 41645 1.410
   20 17524 0.660
   21 21958 2.400
   22 18506 0.679
   23 19893 6.423
   24 13641 7.670
   25 11902 1.579
   26 15303 5.795
   27 37683 1.084
   28   726 12.254
   29  4004 1.028
   30  9579 2.587
   31 18288 2.740
   32  6106 1.156
   33 29982 1.347
   34 18377 1.646
   35 29178 1.875
   36 15195 2.247
   37 35745 8.832
   38 14350 3.517
   39 23663 1.018
   40 13672 2.339
   41 12433 0.680
   42  5416 1.723
   43   155 7.696
   44 16499 1.237
   45 10285 8.934
   46  7105 1.173
   47 29082 1.179
   48 23232 2.745
   49 31155 4.085
   50 29673 0.430
   51   124 12.219
   52  5905 1.146
   53 27661 3.118
   54 17116 3.366
   55 10165 0.998
   56 35751 7.725
   57 19689 7.687
   58  8570 1.995
   59  7766 1.123
   60 14109 0.902
   61  8004 6.788
   62 17901 1.225
   63 23951 4.671
   64   928 11.301
   65 20409 1.706
   66 17840 2.043
   67 25049 5.539
   68 15099 3.957
   69  8053 2.060
   70 37063 5.420
   71 21127 5.304
   72 16159 1.233
   73 22515 1.968
   74   215 18.696
   75 24105 1.427
   76 24900 2.913
   77    32 0.898
   78 17135 1.973
   79 30242 8.277
   80 17716 6.092
   81 23044 1.768
   82 25755 9.288
   83  6615 1.790
   84  9048 2.608
   85 10697 1.414
   86 13023 1.731
   87  3045 3.195
   88 11441 2.319
   89 34350 13.881
   90  1972 1.243
   91 18114 0.650
   92 25296 1.938
   93 21569 9.304
   94  3448 2.209
   95 10335 1.346
   96  6657 0.559
   97  4768 0.737
   98  7304 1.653
   99 12497 1.370
  100 20670 8.368
  101 11473 3.664
  102 18699 2.320
  103  7493 0.945
  104 16400 5.215
  105 37373 2.258
  106 14523 4.556
  107 16844 3.786
  108 19182 4.874
  109 28942 9.331
  110  7241 2.473
  111 35327 5.688
  112 10710 12.680
  113 22562 3.667
  114 11259 1.686
  115 11192 2.615
  116 24219 0.795
  117 26558 1.123
  118  6869 2.125
  119 30038 3.203
  120 23460 1.011
  121 26578 6.621
  122 14115 2.635
  123 15673 4.438
  124   203 0.461
  125 29251 3.620
  126 19149 1.030
  127 17854 2.931
  128  3894 1.598
  129 13336 1.238
  130 17407 1.049
  131  4765 1.754
  132 14311 1.461
  133 16339 6.236
  134 10505 12.432
  135 26336 1.108
  136  7338 1.227
  137 32200 1.939
  138 38039 8.691
  139  4211 3.105
  140 19073 0.943
  141 22055 2.171
  142  4167 1.342
  143 26645 3.642
  144 28298 4.544
  145  6390 3.022
  146  9282 1.631
  147 35578 2.119
  148 11143 2.770
  149  8750 1.058
  150  4767 2.823
  151 12493 1.429
  152  8904 0.919
  153 20398 3.222
  154 13437 0.644
  155 12114 1.512
  156  8570 1.859
  157 15610 2.117
  158 15043 2.988
  159  2003 4.598
  160  5255 4.943
  161 22236 1.702
  162 32259 1.181
  163 14269 0.855
  164 29124 6.423
  165 22258 1.646
  166  3602 9.051
  167 30713 3.142
  168 24551 5.456
  169 19825 16.480
  170  4350 5.554
  171 11824 3.654
  172  2713 2.449
  173  6170 2.989
  174 19178 4.008
  175 12245 8.547
  176 10008 1.669
  177 21742 3.258
  178  4232 0.927
  179  1758 18.909
  180 19904 9.538
  181  8432 1.781
  182 10353 6.890
  183 11019 2.554
  184 40425 1.924
  185  6831 4.361
  186 21274 0.844
  187  7576 2.582
  188 31866 5.503
  189 15418 7.819
  190 31081 0.780
  191 17527 1.096
  192 26382 0.864
  193 17148 1.966
  194  9519 1.403
  195 13407 2.277
  196 28993 0.831
  197 19103 2.714
  198 18616 3.224
  199  6915 1.343
  200 19683 2.572
  201 23586 2.360
  202 29483 1.571
  203 19544 1.741
  204  7283 1.895
  205  9182 1.439
  206  7680 2.412
  207  8432 10.026
  208  4565 2.247
  209  3453 1.955
  210  7569 3.516
  211 24900 2.172
  212 15050 1.149
  213 18688 4.345
  214 16189 5.412
  215  7558 1.225
  216  5915 5.277
  217 15369 3.083
  218 10486 0.952
  219 36661 4.469
  220 23307 1.930
  221 18937 4.438
  222  8466 3.588
  223 10629 1.388
  224  8040 1.324
  225 30228 3.903
  226 27638 1.907
  227  5329 1.605
  228  6655 1.119
  229 17490 0.754
  230 27429 1.714
  231  9858 4.048
  232  4230 1.675
  233 15191 3.810
  234  6231 2.973
  235 20187 1.920
  236 22337 4.279
  237 11842 7.523
  238 30811 3.994
  239 10030 6.868
  240 11103 1.554
  241  6665 0.746
  242  4162 9.751
  243 12884 0.856
  244 30847 4.854
  245 12701 0.591
  246 12645 9.472
  247 14667 2.135
  248 20427 2.339
  249 21542 3.015
  250     9 1.190
  251 10186 3.666
  252 14442 2.074
  253 25067 5.253
  254 15237 0.555
  255  9444 1.946
  256 19222 2.031
  257 29287 10.895
  258 15697 0.921
  259 27648 2.642
  260 23144 1.724
  261 12090 1.155
  262 16067 2.146
  263  4558 8.304
  264 10486 0.887
  265  5734 2.015
  266 18609 1.325
  267 13033 3.370
  268  3399 3.557
  269  2947 2.154
  270  7729 0.697
  271 17035 2.016
  272 13418 2.930
  273 13051 13.754
  274 14210 2.068
  275    53 9.269
  276 10431 0.968
  277  7670 3.801
  278 35414 3.192
  279 32759 1.826
  280  7713 1.407
  281 17104 4.190
  282 22405 2.481
  283  3977 2.410
  284 18374 3.069
  285 15519 1.110
  286 16231 1.582
  287 12967 7.339
  288  9638 3.705
  289  3236 0.763
  290  1018 2.541
  291  5990 2.071
  292  7692 2.329
  293 21637 10.574
  294  8340 1.412
  295 16048 6.246
  296 17721 0.628
  297 25787 2.835
  298 32218 6.468
  299 23248 2.947
  300 27850 1.291
  301  5742 2.792
  302 11340 1.323
  303 27116 6.481
  304 13721 8.984
  305 10844 2.896
  306 19148 2.771
  307  5133 6.787
  308  7449 1.941
  309 15339 1.343
  310 31741 5.884
  311 11366 0.811
  312  3973 1.768
  313 17757 1.554
  314  3830 2.788
  315 39358 1.680
  316  6936 2.927
  317  4376 3.929
  318 17081 1.804
  319 19199 13.280
  320  8170 0.997
  321  7139 4.783
  322 18149 6.629
  323  6576 2.233
  324 28649 5.320
  325  7533 1.434
  326 32310 2.215
  327 14640 3.600
  328  9101 0.583
  329 32099 9.821
  330 28149 1.729
  331   768 9.306
  332 18869 1.872
  333  7665 0.958
  334 13678 1.059
  335 16193 3.813
  336 11169 1.086
  337 18758 1.525
  338 27873 1.360
  339  3191 0.820
  340    72 11.420
  341 37670 1.505
  342 21319 1.430
  343 24605 1.270
  344 14422 1.190
  345  8522 1.449
  346 14804 2.472
  347  2125 6.954
  348  7450 4.461
  349  7892 2.057
  350 13749 1.463
  351 32560 2.083
  352 11532 7.128
  353 24220 2.626
  354  9926 5.102
  355 23632 1.392
  356 13319 4.882
  357 19833 6.396
  358 15437 12.206
  359  9521 1.020
  360 13359 2.960
  361 19420 2.285
  362 42442 3.767
  363  6866 3.358
  364 21032 1.547
  365 14715 2.946
  366  2861 6.209
  367 23448 5.578
  368 17913 6.386
  369 13393 1.311
  370 15981 3.834
  371 17693 1.521
  372  6408 3.648
  373 21359 2.789
  374   242 7.578
  375 16892 2.024
  376 18874 5.446
  377 12721 1.986
  378  4772 4.235
  379 17281 1.044
  380 15593 0.597
  381  9804 0.842
  382 28544 2.916
  383 16123 8.117
  384 27277 2.660
  385 10980 1.612
  386  8108 2.156
  387  4784 1.060
  388 22372 2.619
  389 10434 5.493
  390 17666 3.218
  391 12192 1.108
  392  5684 3.050
  393 11545 1.382
  394 26181 3.685
  395  8508 2.117
  396  8842 0.757
  397 31876 11.422
  398 28215 1.789
  399 13917 3.094
  400  9445 1.394
  401 20044 1.400
  402    86 5.902
  403 12482 5.877
  404  8238 4.386
  405 14412 2.253
  406  1787 3.272
  407  7609 1.550
  408 20786 3.566
  409 20043 8.584
  410 12566 0.874
  411  7600 2.005
  412 16357 18.875
  413 28041 1.352
  414 14297 6.550
  415 10198 0.787
  416 18320 9.946
  417 13116 0.866
  418 10943 2.710
  419 19231 1.264
  420  8455 1.048
  421  9511 1.165
  422  9655 3.577
  423 14881 7.916
  424 26440 1.057
  425 24338 1.353
  426   429 3.211
  427 26281 6.112
  428 24531 3.105
  429  4549 0.496
  430  8978 0.812
  431 21417 1.109
  432 13734 2.703
  433 21617 1.245
  434 29552 4.378
  435  6589 1.112
  436 12421 4.794
  437 21518 2.485
  438 10765 2.931
  439  6280 1.352
  440 30067 8.804
  441  7669 2.196
  442 11531 1.758
  443 19834 2.423
  444 26688 5.240
  445  6877 2.805
  446 12147 2.649
  447 12611 2.593
  448 27974 1.268
  449  6263 0.990
  450 35473 4.673
  451   124 8.235
  452  8838 1.422
  453 10921 4.800
  454 13342 3.015
  455  7503 0.915
  456  4892 1.044
  457 22775 4.697
  458  6867 1.979
  459 36100 2.118
  460 24503 16.999
  461  4749 1.070
  462  7220 3.175
  463 21192 7.018
  464  8159 4.782
  465 32232 1.264
  466 15111 1.919
  467  4665 0.780
  468 36263 2.365
  469  5177 1.929
  470    35 10.705
  471 39679 8.754
  472 12472 1.240
  473 13651 3.707
  474 11497 2.705
  475 26779 16.310
  476 13784 2.174
  477 22080 1.910
  478 15495 2.136
  479 18040 2.263
  480 18521 5.361
  481  4189 2.487
  482 29774 0.988
  483 24357 4.073
  484 14988 2.110
  485 21094 0.890
  486 30156 3.367
  487 15176 1.173
  488    19 1.147
  489 45442 4.204
  490  6786 3.277
  491  4216 9.447
  492 17353 1.958
  493    43 4.666
  494 11520 3.891
  495 26940 4.795
  496 27123 1.989
  497  1649 0.671
  498 38423 8.777
  499  3809 3.328
  500 11914 4.244
  501 13913 4.280
  502 19576 1.092
  503 13089 1.735
  504 21688 1.368
  505 16262 1.551
  506 15164 1.580
  507 36174 1.261
  508 28690 2.000
  509  9230 4.752
  510 26499 5.947
  511 11966 0.777
  512 29150 8.343
  513  6559 1.940
  514 21005 2.319
  515  4706 1.126
  516 32645 2.223
  517 36086 3.103
  518  5337 1.474
  519 11236 2.559
  520 28217 4.882
  521 19026 0.506
  522 21146 0.960
  523 38616 2.643
  524 27571 3.705
  525  9189 0.860
  526 13852 5.569
  527 21956 2.247
  528 11475 1.945
  529 11647 1.051
  530 14457 1.089
  531 11771 0.557
  532  5472 1.581
  533 28615 3.023
  534 15651 1.633
  535 12977 1.026
  536 15548 3.961
  537  6445 1.910
  538   417 5.806
  539 16150 1.461
  540 14057 1.211
  541 17120 11.655
  542 18519 5.596
  543 13298 6.754
  544  9285 2.469
  545 38175 1.601
  546 34225 9.379
  547 17094 1.008
  548 19630 12.360
  549 11892 0.539
  550  8695 1.461
  551 25073 10.598
  552  7947 1.797
  553 12701 6.395
  554 20633 3.951
  555  9881 1.350
  556 13519 4.078
  557 24282 3.044
  558 10069 5.705
  559 12613 2.547
  560 15081 1.124
  561 21738 1.634
  562  7408 1.447
  563 34966 2.055
  564  2968 1.843
  565 12082 1.691
  566 12005 0.594
  567  8062 1.209
  568 36981 1.512
  569 27612 6.431
  570 19745 0.960
  571 28748 4.230
  572 17722 1.632
  573 36289 1.988
  574 11768 0.552
  575 31695 1.757
  576 25162 6.108
  577 31446 5.698
  578 19460 4.237
  579  4984 2.216
  580 15875 8.658
  581 21274 3.728
  582 17190 1.519
  583    22 2.461
  584 12586 1.359
  585 32211 10.073
  586 14392 10.118
  587  6289 1.181
  588 22482 0.686
  589 12106 0.524
  590 25518 3.683
  591  9507 2.968
  592  8098 2.277
  593 17335 3.685
  594  9392 1.704
  595  9489 1.640
  596 21120 1.809
  597 32802 12.269
  598 10808 3.981
  599 15171 2.655
  600 13869 2.197
  601  7207 0.650
  602 15100 1.641
  603  9311 4.840
  604 24614 2.842
  605  7122 1.754
  606 42017 3.625
  607  6042 1.726
  608 14277 4.060
  609  5877 1.231
  610 24525 0.857
  611 30958 1.728
  612 19026 3.233
  613 36240 2.856
  614 15029 1.239
  615 21378 8.332
  616  5623 1.751
  617 28368 3.932
  618 11863 1.103
  619  7551 2.339
  620 17677 3.320
  621 19113 8.976
  622 20362 4.629
  623 22259 6.241
  624 32993 4.510
  625 22073 1.290
  626  8513 3.843
  627 25965 3.021
  628 27361 9.601
  629 11949 2.274
  630 12496 2.361
  631 38385 4.755
  632 11763 0.632
  633  5076 3.913
  634  9591 2.298
  635 15109 5.826
  636 13537 4.464
  637    62 4.269
  638  3699 0.810
  639 34982 1.079
  640 21216 3.758
  641 21532 0.871
  642  6789 0.549
  643 34252 9.029
  644 27254 1.056
  645 24235 4.707
  646 38961 6.565
  647  7399 1.397
  648  7176 1.416
  649   722 8.343
  650 13059 4.908
  651 22437 0.707
  652 30673 5.096
  653 16659 3.297
  654  8763 2.727
  655 17868 2.331
  656 11108 4.404
  657 16846 2.619
  658 11773 2.163
  659 12320 1.180
  660 15308 1.409
  661 15120 0.783
  662  3683 19.021
  663  9842 2.169
  664 14012 3.133
  665 21454 4.283
  666    35 3.934
  667 11008 2.365
  668 24587 2.022
  669  1958 1.608
  670 27587 5.450
  671  7241 0.710
  672 26427 4.845
  673 11748 3.387
  674 13147 5.009
  675 28890 2.353
  676 12882 12.091
  677 24310 3.407
  678 11589 1.377
  679  9399 4.091
  680 20036 14.264
  681  1770 3.462
  682  6855 2.707
  683 16023 4.220
  684  8480 16.748
  685 27077 1.343
  686 36857 1.778
  687 17680 2.194
  688  8476 5.022
  689 11844 0.871
  690 32599 2.108
  691 18184 1.374
  692 37007 4.762
  693 13453 3.260
  694  6385 1.054
  695  9407 4.727
  696    12 8.752
  697  4518 2.362
  698 24892 1.163
  699 21610 1.274
  700 38980 1.980
  701  7604 5.305
  702 21644 4.593
  703  9729 1.076
  704  8327 1.818
  705 38261 2.142
  706 22590 1.355
  707 26615 0.759
  708  9484 2.137
  709 17759 3.107
  710 15306 2.224
  711 15420 1.001
  712 17392 2.040
  713 20297 4.613
  714  9494 8.013
  715 33818 2.491
  716 10025 1.922
  717 34242 1.606
  718 37002 1.660
  719 26539 2.081
  720 19970 0.626
  721  8050 11.420
  722 26097 0.832
  723 28730 9.659
  724 27774 3.439
  725 16603 1.358
  726 26164 2.679
  727  7368 18.855
  728 11569 5.545
  729  6002 1.673
  730  7526 8.702
  731  4554 1.461
  732 31965 6.726
  733 24144 18.817
  734  9234 14.463
  735 14313 1.041
  736 27915 0.951
  737 43007 8.137
  738 22221 0.926
  739 31934 5.263
  740 11784 3.482
  741 13064 3.561
  742 10251 4.428
  743  5833 4.724
  744 12018 11.549
  745 16022 2.707
  746  6201 1.227
  747 29601 6.389
  748 15926 2.757
  749 14926 2.959
  750  5536 3.266
  751 14863 0.995
  752 20790 2.835
  753 22638 1.450
  754 10628 1.897
  755 25335 5.025
  756  7793 3.209
  757  6299 3.523
  758 13437 1.888
  759 15785 3.700
  760 11748 1.267
  761  8198 3.607
  762  3394 2.491
  763  8504 1.009
  764 33590 5.460
  765 20815 1.325
  766 24913 3.286
  767 15839 0.768
  768 33731 3.317
  769  9193 1.061
  770 26818 0.836
  771 24469 4.498
  772  6790 3.895
  773 12769 4.723
  774 12830 0.942
  775 24176 4.558
  776  4028 1.321
  777 10182 2.346
  778  4322 1.020
  779 31527 9.381
  780 12869 3.777
  781 30339 6.751
  782 24466 1.885
  783 10105 1.161
  784 24192 1.691
  785 14192 1.082
  786 17244 2.604
  787 17569 4.252
  788 22702 19.061
  789 30766 5.622
  790 19945 4.853
  791 30419 19.112
  792 11849 1.648
  793 14289 1.377
  794 13612 1.323
  795  4991 4.446
  796 11492 4.044
  797 26922 1.853
  798 15195 1.787
  799 11200 1.420
  800 10384 2.929
  801 14572 3.528
  802 15337 3.130
  803 11561 1.364
  804 27165 12.196
  805 13750 6.033
  806 25714 3.407
  807 24628 3.210
  808  4899 5.459
  809 15066 1.679
  810  7827 14.893
  811 37613 3.193
  812    18 1.800
  813   738 2.782
  814  5683 1.071
  815 20687 10.472
  816  8656 2.514
  817 17383 1.454
  818 24420 0.920
  819 13575 1.470
  820 10200 2.964
  821 11593 0.963
  822 18741 2.603
  823  5737 5.551
  824 15714 4.694
  825  9620 1.417
  826 28650 2.940
  827 20879 3.657
  828 15269 4.844
  829 34948 8.633
  830 17827 3.113
  831 36504 4.192
  832 25102 8.669
  833  6618 0.809
  834 10636 1.622
  835  5146 1.555
  836 24867 3.405
  837 11926 2.016
  838  5625 9.046
  839 21167 1.469
  840 30474 2.592
  841 14987 5.073
  842 10540 0.970
  843 24485 1.402
  844 34857 2.872
  845 26722 0.956
  846 20534 0.859
  847  7893 3.374
  848 24146 2.237
  849  7777 2.469
  850  6286 2.182
  851 23505 2.172
  852  4670 1.455
  853  4405 0.499
  854 30132 5.992
  855 23576 1.138
  856 15568 4.015
  857 18071 2.615
  858 26086 4.221
  859 22696 1.848
  860 17889 2.897
  861 18621 5.535
  862  7480 0.595
  863 21808 5.844
  864 13640 0.739
  865 13606 1.333
  866 14523 1.540
  867 10746 0.504
  868 17182 2.147
  869 12438 4.340
  870 22818 3.754
  871 35264 5.774
  872 13214 5.236
  873 32932 0.913
  874  6311 2.225
  875  4988 1.677
  876  2018 1.283
  877 21824 7.193
  878  9817 2.883
  879 25838 3.415
  880  9156 9.109
  881 17722 2.592
  882 22720 0.776
  883 32434 1.093
  884 10095 2.095
  885  9742 1.775
  886 16070 4.381
  887 25777 6.905
  888  8303 1.275
  889 15955 14.755
  890 27155 1.803
  891 29645 2.322
  892 30744 8.179
  893 13385 2.007
  894 28807 1.452
  895 27527 2.560
  896  4466 1.531
  897  2383 5.122
  898 29311 5.510
  899  4259 3.282
  900  7687 2.519
  901 11832 1.238
  902 17345 0.996
  903  9157 1.067
  904 19118 4.476
  905 38675 2.174
  906 13226 9.064
  907 13418 18.916
  908 36784 1.581
  909 20609 1.712
  910 10454 7.873
  911 15948 3.079
  912 11968 0.563
  913  8119 1.384
  914 33513 2.802
  915 28251 3.242
  916 19068 5.764
  917 13093 1.495
  918 16688 0.604
  919  9889 0.417
  920  8757 1.579
  921 33852 3.810
  922  9101 1.301
  923 33997 2.731
  924 24276 6.264
  925  4755 1.546
  926 17760 2.100
  927 11050 0.989
  928 20060 1.199
  929 27521 1.047
  930 34850 6.260
  931 15012 2.911
  932    39 1.778
  933  8547 1.793
  934 10319 19.122
  935  6963 1.022
  936 34459 2.156
  937  6557 3.587
  938 16356 1.196
  939 19665 1.084
  940 23050 7.180
  941 10282 0.538
  942  9212 2.883
  943  5956 0.803
  944 10924 4.835
  945 18456 5.050
  946 13841 0.788
  947 14619 3.424
  948 12174 1.411
  949  6886 1.667
  950 11555 2.170
  951 27303 2.575
  952  4674 1.334
  953  7078 1.322
  954  7846 3.692
  955  5853 4.532
  956 25342 6.261
  957  2391 5.471
  958  5308 6.859
  959  4663 1.776
  960 12108 0.845
  961 12053 0.743
  962 30422 2.180
  963 13583 1.724
  964  4103 2.824
  965 19588 0.760
  966  6264 9.104
  967 12865 1.004
  968 12754 0.892
  969 10344 2.757
  970 10690 1.627
  971 10904 1.823
  972 16595 2.702
  973 13330 0.498
  974  9838 4.228
  975 28584 3.449
  976  1700 3.330
  977  9274 0.490
  978 14182 3.680
  979 12354 7.763
  980  9179 1.527
  981 23127 1.233
  982 22429 2.382
  983 28821 5.012
  984  3703 1.335
  985 13595 2.278
  986 35097 3.843
  987 29916 1.564
  988 37252 1.660
  989  1838 1.001
  990 11515 1.123
  991  5838 3.538
  992 14246 0.800
  993 28368 1.038
  994 17990 3.875
  995  9021 1.551
  996 22671 1.411
  997 18231 3.654
  998 22199 3.623
  999 26579 0.819
