    1  4675 1.070
    2 19700 2.303
    3 11389 2.436
    4  9411 0.913
    5  4528 2.015
    6  7543 1.493
    7  7919 2.473
    8 34472 3.786
    9  7981 4.501
   10   448 4.232
   11 16568 1.437
   12  4858 1.792
   13  3462 1.341
   14 18093 1.312
   15 22148 4.344
   16 20615 5.783
   17 24446 2.043
   18  5399 1.540
   19 41665 2.304
   20 17485 1.680
   21 21883 5.999
   22 18426 2.645
   23 19267 17.233
   24 13442 14.219
   25 11799 4.455
   26 15101 14.842
   27 37681 1.607
   28    20 20.692
   29  3996 1.431
   30  9580 4.146
   31 18102 3.610
   32  6074 2.047
   33 29827 1.309
   34 18326 1.992
   35 29102 2.831
   36 14431 6.443
   37 34967 12.990
   38 14308 5.037
   39 23666 1.248
   40 12951 4.960
   41 12438 0.962
   42  5173 2.199
   43   861 20.583
   44 16085 3.385
   45 10016 15.560
   46  7102 1.944
   47 29048 1.641
   48 23205 2.760
   49 30936 5.613
   50 29673 0.934
   51   362 20.898
   52  5874 2.622
   53 26493 2.950
   54 16690 4.051
   55 10158 1.389
   56 33371 20.825
   57 18671 19.290
   58  8540 2.087
   59  7790 1.128
   60 14110 1.200
   61  7734 18.454
   62 17786 2.729
   63 23981 5.922
   64   466 20.381
   65 20389 2.224
   66 17779 3.517
   67 25049 5.774
   68 15048 14.751
   69  7994 3.671
   70 36526 13.805
   71 21135 5.431
   72 16172 1.727
   73 22510 2.126
   74   252 20.789
   75 24106 2.321
   76 24871 4.279
   77    22 1.270
   78 16914 2.033
   79 30139 12.700
   80 20310 4.400
   81 23043 2.876
   82 25311 18.073
   83  6459 4.683
   84  8971 2.846
   85 10788 1.647
   86 13079 2.334
   87  2504 20.670
   88 11478 3.095
   89 34156 15.491
   90  1741 2.194
   91 18065 1.107
   92 25274 3.373
   93 20767 13.115
   94  3407 5.270
   95 10353 1.873
   96  6645 1.128
   97  4676 2.305
   98  7296 2.450
   99 12497 2.227
  100 19001 21.309
  101 11292 5.149
  102 18738 2.568
  103  7471 1.591
  104 16400 5.114
  105 37364 2.324
  106 14035 10.518
  107 16585 6.621
  108 19170 9.310
  109 28407 9.209
  110  6846 3.226
  111 35704 6.838
  112  8883 20.677
  113 20452 21.009
  114 10980 2.662
  115 11103 2.459
  116 24198 1.342
  117 26348 2.404
  118  6867 2.554
  119 30002 3.873
  120 23457 1.151
  121 21982 13.746
  122 14125 5.796
  123 15819 6.190
  124  1606 7.569
  125 29251 3.045
  126 19141 1.163
  127 16666 5.361
  128  3680 5.144
  129 13188 8.108
  130 17339 1.655
  131  4658 3.874
  132 14311 3.121
  133 15642 16.383
  134    86 20.465
  135 26343 1.825
  136  7288 2.602
  137 31942 2.694
  138 37606 14.068
  139  4211 4.505
  140 18942 1.655
  141 21829 5.555
  142  4024 2.677
  143 26483 15.752
  144 28046 5.840
  145  6175 4.039
  146  9032 4.634
  147 35560 3.374
  148 11014 5.153
  149  7562 2.202
  150  4637 4.861
  151 12441 1.697
  152  8904 1.722
  153 20185 11.507
  154 13295 1.828
  155 12206 2.000
  156  8371 2.866
  157 15373 3.262
  158 14722 4.399
  159  1431 19.716
  160  4995 6.955
  161 22170 2.385
  162 31979 2.500
  163 14260 1.629
  164 29025 5.095
  165 22258 1.887
  166  1984 15.755
  167 30912 5.321
  168 24502 10.014
  169 19497 15.833
  170  4224 5.846
  171 11785 10.404
  172     0 1.434
  173  6123 4.119
  174 18991 8.189
  175 12119 8.137
  176  9916 2.093
  177 21817 5.240
  178  4222 2.175
  179  2544 18.789
  180 19737 7.628
  181  7646 4.153
  182  9289 13.794
  183 10994 3.308
  184 40338 2.730
  185  6557 9.825
  186 21222 1.188
  187  7618 2.118
  188 31874 5.393
  189 15308 8.205
  190 30979 1.042
  191 17031 5.625
  192 26340 1.432
  193 17340 2.777
  194  9459 1.687
  195 13336 2.856
  196 28938 1.199
  197 18745 4.105
  198 18711 2.755
  199  6810 6.699
  200 19667 3.212
  201 23600 3.048
  202 29086 4.082
  203 19417 3.422
  204  6722 4.196
  205  9114 3.323
  206  7760 4.963
  207  7807 12.680
  208  4387 2.910
  209  3414 3.662
  210  7204 4.966
  211 24862 4.383
  212 15050 1.780
  213 18385 6.793
  214 15404 4.695
  215  7581 2.565
  216  5641 15.145
  217 15024 6.376
  218 10397 2.932
  219 36213 8.979
  220 23279 3.098
  221 16877 8.824
  222  7573 7.427
  223 10726 1.836
  224  8027 2.595
  225 29441 8.738
  226 27563 2.484
  227  4914 2.743
  228  6468 1.478
  229 17479 1.372
  230 27220 2.791
  231  8263 10.745
  232  4209 1.543
  233 15830 2.712
  234  5963 9.347
  235 19922 5.369
  236 22222 5.689
  237 12470 13.357
  238 30780 7.918
  239 10219 8.949
  240 11090 3.373
  241  6653 1.566
  242  4361 20.852
  243 12884 1.581
  244 31006 4.463
  245 12701 1.172
  246 11713 9.159
  247 14376 9.725
  248 20185 3.436
  249 21454 6.368
  250    13 1.437
  251 10123 2.328
  252 14487 2.733
  253 25025 6.979
  254 15237 1.006
  255  9290 5.860
  256 19027 3.128
  257 28770 9.144
  258 15748 1.115
  259 25740 6.317
  260 23143 1.717
  261 12041 1.882
  262 15546 3.965
  263  2556 16.806
  264 10496 2.589
  265  5731 3.458
  266 18608 1.874
  267 13452 3.541
  268  2789 5.238
  269  2936 2.951
  270  7707 0.964
  271 16996 3.143
  272 13483 3.721
  273 12301 20.554
  274 14106 6.107
  275  1357 10.000
  276 10263 1.202
  277  7617 4.266
  278 35171 3.722
  279 32611 3.734
  280  6933 5.269
  281 17184 4.143
  282 22248 2.747
  283  3940 3.720
  284 18198 11.965
  285 15492 1.689
  286 16295 2.097
  287 12925 6.177
  288  7912 13.849
  289  3236 0.984
  290  1000 0.986
  291  4973 10.338
  292  7665 2.189
  293 21091 15.724
  294  8330 1.932
  295 16808 16.738
  296 17570 0.974
  297 25629 3.084
  298 32380 20.720
  299 22856 3.758
  300 27784 1.868
  301  5553 4.771
  302 11438 1.696
  303 27204 10.585
  304 13398 11.140
  305 10804 4.502
  306 19258 2.423
  307  4883 9.288
  308  7378 4.322
  309 15339 2.361
  310 31717 6.127
  311 11322 1.653
  312  3632 3.541
  313 17751 2.638
  314    26 10.654
  315 39293 1.763
  316  6829 4.258
  317  4160 15.119
  318 17076 2.251
  319 18346 20.971
  320  8169 1.379
  321  6762 9.438
  322 12315 21.008
  323  6348 3.982
  324 28269 5.408
  325  7608 2.172
  326 32324 2.478
  327 13493 8.528
  328  8976 1.402
  329 32024 13.063
  330 28118 2.072
  331   765 20.523
  332 18861 2.750
  333  7573 1.949
  334 13698 1.691
  335 16206 4.968
  336 11080 1.638
  337 18716 2.538
  338 27847 1.587
  339  3191 1.021
  340    72 18.552
  341 37638 1.710
  342 21300 1.810
  343 24435 2.018
  344 14406 1.438
  345  8522 2.263
  346 14960 4.236
  347   883 20.704
  348  7530 3.736
  349  7704 3.320
  350 13749 2.311
  351 32428 2.212
  352  7212 20.620
  353 24277 2.704
  354  9653 8.358
  355 23417 3.154
  356 13168 4.052
  357 17163 12.583
  358 15307 9.089
  359  9489 1.314
  360 13051 7.416
  361 19763 2.967
  362 42438 3.628
  363  5762 10.160
  364 20918 2.159
  365 14790 7.675
  366  2740 15.955
  367 23449 9.698
  368 17939 8.329
  369 13371 7.124
  370 15928 10.688
  371 17703 2.525
  372  6195 5.782
  373 21036 3.541
  374  1173 6.776
  375 16756 5.259
  376 18812 4.009
  377 12528 2.523
  378  3915 9.429
  379 17200 1.767
  380 15618 0.872
  381  9801 1.168
  382 28405 2.805
  383 16804 7.079
  384 27142 3.681
  385 11027 2.834
  386  7906 5.934
  387  4785 1.589
  388 22185 2.460
  389 10468 5.169
  390 17737 3.337
  391 12149 2.599
  392  5641 9.815
  393 11509 2.260
  394 26150 7.024
  395  8508 3.865
  396  8842 1.150
  397 31074 18.623
  398 28017 4.330
  399 13927 4.856
  400  9431 1.831
  401 20024 1.789
  402  2584 20.455
  403 12442 5.792
  404  8198 6.262
  405 14311 3.197
  406  1677 16.239
  407  7610 2.108
  408 20542 10.542
  409 19839 12.597
  410 12566 1.308
  411  7587 2.821
  412 16604 20.926
  413 28071 1.584
  414 14478 8.671
  415 10186 1.158
  416  9605 17.693
  417 13104 1.140
  418 10730 4.021
  419 19215 1.383
  420  8295 1.727
  421  9485 1.497
  422  9595 4.060
  423 14795 9.287
  424 26440 1.570
  425 24290 1.542
  426     5 15.652
  427 26155 5.253
  428 24512 3.211
  429  4523 1.437
  430  8807 2.208
  431 21454 1.386
  432 13664 6.398
  433 21447 2.413
  434 29471 8.493
  435  6607 1.637
  436 12702 6.733
  437 21467 2.567
  438 10672 13.893
  439  5527 2.976
  440 29985 7.171
  441  7639 2.347
  442 11511 2.721
  443 19764 5.102
  444 26672 3.635
  445  7275 11.591
  446 10753 16.610
  447 12612 1.921
  448 27769 3.272
  449  6253 1.284
  450 34976 5.009
  451   124 19.072
  452  8702 3.012
  453 10467 10.631
  454 13291 3.805
  455  7388 2.427
  456  4914 1.139
  457 22676 3.465
  458  6753 7.459
  459 36148 2.697
  460 23399 21.228
  461  4615 3.503
  462  7188 9.732
  463 21055 16.483
  464  7736 5.741
  465 32303 1.350
  466 15089 2.240
  467  4588 1.296
  468 36279 2.451
  469  5150 2.418
  470    35 20.650
  471 39505 8.845
  472 12440 1.736
  473 13755 4.981
  474 11716 3.261
  475 23670 21.269
  476 13775 3.046
  477 22202 2.457
  478 14605 4.686
  479 17715 4.057
  480 18525 4.780
  481  3633 7.595
  482 29551 2.376
  483 24211 4.091
  484 14992 2.447
  485 21059 1.382
  486 30186 2.788
  487 15152 1.640
  488    19 1.405
  489 45423 4.266
  490  6301 6.505
  491  3766 15.452
  492 17360 1.960
  493    37 6.163
  494 11499 14.626
  495 26910 12.938
  496 26913 3.125
  497  1649 0.983
  498 38351 8.054
  499  3888 4.259
  500 11778 5.230
  501 13791 7.185
  502 19347 1.891
  503 13082 2.990
  504 21372 2.239
  505 16250 1.820
  506 15048 2.700
  507 36082 1.585
  508 28724 4.534
  509  8790 5.715
  510 25974 17.435
  511 11859 2.151
  512 29695 8.968
  513  6546 1.906
  514 20773 5.213
  515  4706 1.813
  516 32498 2.988
  517 35924 2.923
  518  5359 2.498
  519 11148 9.795
  520 28016 3.850
  521 19016 0.787
  522 21147 1.303
  523 38484 2.235
  524 27503 4.017
  525  9188 1.985
  526 13541 15.323
  527 21949 3.385
  528 11481 2.861
  529 11659 1.722
  530 14299 2.165
  531 11771 1.103
  532  5401 1.556
  533 28619 3.598
  534 15651 2.560
  535 12955 1.485
  536 15676 3.791
  537  5778 7.043
  538   508 20.712
  539 15946 2.035
  540 13323 3.790
  541 16638 11.582
  542 18308 10.041
  543 12953 11.562
  544  9072 3.930
  545 38034 5.065
  546 34240 10.332
  547 16987 2.065
  548 18325 20.926
  549 11892 1.138
  550  8516 2.992
  551 24244 8.110
  552  7740 2.496
  553 12680 5.147
  554 20227 9.487
  555  9083 2.338
  556 12952 20.532
  557 24317 3.653
  558  9918 6.486
  559 11477 18.767
  560 15091 2.966
  561 21650 3.081
  562  7274 1.929
  563 34782 2.017
  564  2728 9.759
  565 11936 2.406
  566 11955 1.208
  567  8147 2.670
  568 36901 1.839
  569 27358 14.791
  570 19752 1.235
  571 28716 4.981
  572 17610 1.826
  573 36258 4.329
  574 11761 0.958
  575 31570 2.131
  576 24202 18.709
  577 30223 9.594
  578 19143 16.761
  579  4998 2.842
  580 15783 8.500
  581 21343 3.434
  582 17049 5.162
  583    22 4.099
  584 12726 1.968
  585 32256 17.349
  586 14298 7.045
  587  6159 4.588
  588 22447 1.157
  589 12088 0.902
  590 25463 8.961
  591  9434 7.123
  592  8128 3.825
  593 17109 10.521
  594  9098 3.370
  595  9131 2.266
  596 20873 3.755
  597 32692 16.772
  598 10712 8.037
  599 15111 2.786
  600 13703 2.448
  601  7207 1.064
  602 15119 2.157
  603  9225 8.303
  604 24695 2.969
  605  7093 2.713
  606 42023 4.223
  607  5708 2.225
  608 13713 5.818
  609  5867 2.597
  610 24509 1.261
  611 30682 4.339
  612 18433 7.834
  613 35982 2.212
  614 14543 2.248
  615 21267 12.532
  616  5606 1.803
  617 28278 6.088
  618 11837 1.571
  619  7314 3.108
  620 17647 3.626
  621 19495 20.919
  622 20407 3.764
  623 21381 8.085
  624 32969 4.024
  625 22073 1.562
  626  8546 4.231
  627 25971 3.244
  628 27255 11.798
  629 11705 4.162
  630 12501 3.435
  631 38678 18.016
  632 11762 1.341
  633  4908 5.294
  634  9590 2.137
  635 14704 7.453
  636 13474 4.228
  637    62 20.418
  638  3699 1.215
  639 34927 1.997
  640 21102 6.973
  641 21520 1.440
  642  6782 0.949
  643 34193 6.477
  644 27239 1.579
  645 24094 6.759
  646 39069 8.485
  647  7371 1.921
  648  7156 1.890
  649   716 16.514
  650  9212 20.443
  651 22438 1.160
  652 29993 10.798
  653 16184 5.761
  654  8800 3.953
  655 17826 1.654
  656 10622 8.244
  657 16832 3.132
  658 11595 5.194
  659 12307 1.404
  660 15308 3.787
  661 15038 1.422
  662  3381 20.846
  663  9842 2.937
  664 12940 9.811
  665 20332 7.529
  666    56 12.323
  667 10659 3.340
  668 23599 4.186
  669  1896 3.007
  670 27533 13.816
  671  7216 1.234
  672 26425 7.096
  673 11623 4.193
  674 13074 8.614
  675 28562 3.525
  676 10839 20.785
  677 24309 4.855
  678 11589 2.905
  679  9068 7.592
  680 19423 20.641
  681  1421 15.965
  682  6783 8.203
  683 15366 11.895
  684  8130 20.709
  685 27077 1.713
  686 36519 2.751
  687 17678 2.338
  688  8266 6.426
  689 11830 1.793
  690 32519 2.276
  691 18174 1.846
  692 36788 5.667
  693 13203 7.929
  694  6369 1.117
  695  9580 6.119
  696    12 16.152
  697  4508 3.460
  698 24890 1.590
  699 21629 1.854
  700 38800 2.427
  701  6941 8.898
  702 20860 6.587
  703  9520 2.353
  704  8325 2.297
  705 38200 2.618
  706 22382 4.328
  707 26602 1.084
  708  9449 2.784
  709 17516 6.099
  710 15320 3.382
  711 15359 1.424
  712 17377 7.692
  713 19992 7.107
  714  9494 6.965
  715 33824 2.647
  716 10046 1.899
  717 34036 3.041
  718 36631 3.459
  719 26486 2.191
  720 19963 1.239
  721  7837 13.328
  722 26082 1.193
  723 28648 11.862
  724 27700 3.004
  725 16610 1.622
  726 26136 2.480
  727  7029 20.817
  728 11445 19.617
  729  5807 4.812
  730  5419 11.709
  731  4552 2.089
  732 31885 7.849
  733 22564 21.208
  734  8805 17.410
  735 14297 1.831
  736 27851 1.285
  737 42938 5.669
  738 22155 1.225
  739 31809 9.252
  740 12221 3.619
  741 13135 4.952
  742 10503 8.170
  743  5709 7.870
  744 10782 12.997
  745 15969 3.696
  746  6201 2.041
  747 29567 6.598
  748 15931 3.291
  749 11451 6.870
  750  5556 3.388
  751 14852 1.618
  752 20841 3.371
  753 22639 1.854
  754 10604 2.188
  755 24144 4.036
  756  7809 3.393
  757  5768 5.122
  758 13299 3.573
  759 15513 3.672
  760 11753 2.128
  761  8201 3.581
  762  3390 3.421
  763  8511 1.363
  764 33708 18.424
  765 20741 2.786
  766 24873 2.949
  767 15849 1.308
  768 33542 3.287
  769  9109 2.024
  770 26698 1.607
  771 24723 13.831
  772  6740 7.777
  773 12790 5.349
  774 12818 1.281
  775 24050 5.034
  776  4019 2.319
  777  9700 6.026
  778  4226 1.937
  779 31227 12.737
  780 12616 6.272
  781 29149 9.365
  782 24215 4.156
  783 10138 1.936
  784 24546 1.952
  785 14178 1.627
  786 16990 3.731
  787 17945 5.588
  788 23865 20.647
  789 30813 5.352
  790 19820 12.044
  791 28389 21.624
  792 11581 5.273
  793 14289 1.856
  794 13424 1.754
  795  4785 4.896
  796 11245 5.464
  797 26736 2.445
  798 15176 1.878
  799 11078 2.577
  800 10175 8.574
  801 14589 3.998
  802 15295 3.408
  803 11447 1.791
  804 27194 8.820
  805 13688 9.424
  806 25692 3.911
  807 24544 3.314
  808  4940 6.119
  809 15065 2.051
  810  6117 21.939
  811 37570 2.890
  812    18 3.411
  813   514 10.375
  814  5674 1.395
  815 20730 14.857
  816  8574 4.579
  817 17106 4.704
  818 24389 1.217
  819 12892 3.044
  820 10029 5.286
  821 11584 1.638
  822 18711 2.786
  823  5711 6.257
  824 15501 8.456
  825  9293 2.907
  826 27902 7.911
  827 20807 3.984
  828 15719 5.633
  829 34496 20.933
  830 17754 3.121
  831 36486 3.832
  832 24019 10.253
  833  6617 1.177
  834 10629 2.024
  835  5151 2.881
  836 24832 4.298
  837 11849 2.796
  838  4917 17.307
  839 21121 0.887
  840 29752 2.201
  841 14872 12.787
  842 10532 1.418
  843 23909 2.512
  844 35184 2.872
  845 26629 1.382
  846 20524 1.297
  847  7467 8.802
  848 24039 2.641
  849  7210 12.517
  850  6278 3.183
  851 23491 3.319
  852  4446 2.664
  853  4395 0.962
  854 30120 8.631
  855 23484 2.859
  856 15387 7.411
  857 17984 2.701
  858 27103 3.610
  859 22683 2.032
  860 17861 4.170
  861 18492 8.755
  862  7480 1.066
  863 21547 20.502
  864 13630 1.126
  865 13600 1.109
  866 14347 6.246
  867 10739 0.943
  868 17120 2.999
  869 12501 6.141
  870 22802 2.946
  871 35266 5.699
  872 12698 20.500
  873 32826 1.461
  874  6148 3.800
  875  4798 2.491
  876  2018 2.155
  877 21479 17.587
  878  9470 5.446
  879 25844 3.686
  880  9055 6.581
  881 17632 2.480
  882 22670 0.565
  883 32328 2.219
  884  9760 4.974
  885  9793 2.396
  886 15899 5.552
  887 25155 8.325
  888  8288 2.675
  889 15109 14.591
  890 27134 3.109
  891 29468 2.818
  892 30517 9.748
  893 13147 3.921
  894 28537 2.097
  895 27520 2.505
  896  4404 2.404
  897  2302 15.910
  898 28894 11.808
  899  4273 7.083
  900  7673 1.818
  901 11750 1.976
  902 17253 1.295
  903  8667 1.428
  904 19088 7.056
  905 38645 1.708
  906 12827 13.871
  907 14203 20.560
  908 36776 2.392
  909 20490 5.745
  910 10424 8.816
  911 15460 5.051
  912 11876 1.170
  913  7997 3.865
  914 33323 6.913
  915 28099 3.586
  916 19159 5.694
  917 12969 5.524
  918 16688 0.623
  919  9862 0.455
  920  8578 1.671
  921 33731 2.614
  922  9095 1.110
  923 34025 1.773
  924 24006 5.105
  925  4659 3.335
  926 17767 1.250
  927 11054 1.496
  928 20060 1.626
  929 27492 1.190
  930 34675 6.980
  931 14664 3.606
  932    39 3.633
  933  8547 2.479
  934  9469 21.033
  935  7003 1.286
  936 34482 2.434
  937  6529 2.763
  938 16338 2.047
  939 19541 1.652
  940 20891 20.790
  941 10253 0.634
  942  8717 5.724
  943  5951 0.682
  944  9505 7.594
  945 18426 3.383
  946 13555 1.848
  947 14331 6.391
  948 12162 2.111
  949  6830 2.850
  950 11223 8.486
  951 27383 3.061
  952  4758 4.846
  953  7055 1.557
  954  7459 10.090
  955  5695 11.303
  956 25294 6.447
  957  2367 5.809
  958  5341 10.779
  959  4951 5.410
  960 12024 1.311
  961 12050 0.850
  962 30436 1.364
  963 13527 1.158
  964  3725 5.573
  965 19530 0.570
  966  5021 16.959
  967 12775 2.631
  968 12503 2.704
  969 10176 3.210
  970 10668 1.719
  971 10911 2.307
  972 15809 10.696
  973 13330 0.893
  974  9830 5.895
  975 28654 3.284
  976  1721 6.588
  977  9274 1.011
  978 14140 4.511
  979 12491 8.616
  980  9168 1.642
  981 23097 1.608
  982 22379 2.673
  983 28797 3.820
  984  3823 2.052
  985 13585 1.648
  986 34946 4.761
  987 29844 0.889
  988 36718 3.844
  989  2053 2.150
  990 11497 1.902
  991  5838 5.323
  992 14089 1.861
  993 28218 1.310
  994 17902 4.291
  995  9042 1.833
  996 22665 1.864
  997 17971 5.295
  998 21811 2.992
  999 26521 1.314
