    1  4697 1.132
    2 19723 3.903
    3 11848 1.638
    4  9411 0.919
    5  4528 3.077
    6  7568 2.745
    7  7891 2.370
    8 34012 7.227
    9  8079 3.440
   10   499 3.045
   11 16570 1.174
   12  4943 1.699
   13  3479 1.027
   14 18029 1.297
   15 22004 6.958
   16 20773 3.606
   17 24525 3.907
   18  5409 1.248
   19 41645 2.438
   20 17524 1.341
   21 21958 3.804
   22 18506 1.502
   23 19893 10.112
   24 13641 13.518
   25 11902 2.620
   26 15303 9.589
   27 37683 1.494
   28   726 21.362
   29  4004 1.734
   30  9579 4.077
   31 18288 4.519
   32  6106 1.855
   33 29982 2.003
   34 18377 2.706
   35 29178 2.636
   36 15195 3.661
   37 35745 12.832
   38 14350 5.665
   39 23663 1.635
   40 13672 3.389
   41 12433 0.903
   42  5416 2.573
   43   155 12.239
   44 16499 2.012
   45 10285 15.299
   46  7105 1.719
   47 29082 1.649
   48 23232 4.566
   49 31155 6.150
   50 29673 0.789
   51   124 22.867
   52  5905 1.987
   53 27661 4.694
   54 17116 5.142
   55 10165 1.530
   56 35751 12.726
   57 19689 12.453
   58  8570 3.179
   59  7766 1.878
   60 14109 1.417
   61  8004 11.106
   62 17901 2.225
   63 23951 8.025
   64   928 18.546
   65 20409 2.657
   66 17840 3.208
   67 25049 9.405
   68 15099 6.803
   69  8053 3.091
   70 37063 8.552
   71 21127 8.291
   72 16159 1.710
   73 22515 2.929
   74   215 36.572
   75 24105 2.363
   76 24900 4.504
   77    32 1.501
   78 17135 3.097
   79 30242 13.558
   80 17716 9.814
   81 23044 2.809
   82 25755 14.678
   83  6615 3.409
   84  9048 4.246
   85 10697 1.999
   86 13023 2.934
   87  3045 5.411
   88 11441 3.701
   89 34350 24.063
   90  1972 2.133
   91 18114 0.984
   92 25296 3.054
   93 21569 15.183
   94  3448 3.509
   95 10335 2.470
   96  6657 0.869
   97  4768 1.250
   98  7304 2.461
   99 12497 2.001
  100 20670 13.767
  101 11473 5.510
  102 18699 3.212
  103  7493 1.676
  104 16400 8.939
  105 37373 3.298
  106 14523 7.851
  107 16844 5.912
  108 19182 8.015
  109 28942 13.624
  110  7241 4.269
  111 35327 8.825
  112 10710 21.353
  113 22562 6.183
  114 11259 2.583
  115 11192 4.214
  116 24219 1.040
  117 26558 1.731
  118  6869 3.297
  119 30038 4.965
  120 23460 1.454
  121 26578 10.045
  122 14115 4.101
  123 15673 7.086
  124   203 0.746
  125 29251 5.667
  126 19149 1.265
  127 17854 4.364
  128  3894 2.753
  129 13336 1.867
  130 17407 1.580
  131  4765 2.756
  132 14311 2.365
  133 16339 11.043
  134 10505 18.436
  135 26336 1.672
  136  7338 1.931
  137 32200 2.924
  138 38039 14.012
  139  4211 4.766
  140 19073 1.396
  141 22055 3.471
  142  4167 1.955
  143 26645 5.644
  144 28298 6.770
  145  6390 4.961
  146  9282 2.642
  147 35578 2.858
  148 11143 4.886
  149  8750 1.618
  150  4767 5.110
  151 12493 2.306
  152  8904 1.617
  153 20398 5.543
  154 13437 1.065
  155 12114 2.664
  156  8570 2.746
  157 15610 3.106
  158 15043 4.537
  159  2003 7.449
  160  5255 7.929
  161 22236 2.740
  162 32259 2.118
  163 14269 1.504
  164 29124 10.140
  165 22258 2.830
  166  3602 13.699
  167 30713 4.675
  168 24551 8.259
  169 19825 28.237
  170  4350 8.506
  171 11824 6.469
  172  2713 3.718
  173  6170 5.284
  174 19178 6.668
  175 12245 14.091
  176 10008 2.829
  177 21742 5.347
  178  4232 1.483
  179  2950 50.548
  180 19904 15.241
  181  8432 2.442
  182 10353 10.852
  183 11019 4.390
  184 40425 3.147
  185  6831 6.324
  186 21274 1.116
  187  7576 4.552
  188 31866 8.637
  189 15418 13.828
  190 31081 1.124
  191 17527 1.871
  192 26382 1.320
  193 17148 3.174
  194  9519 2.243
  195 13407 3.968
  196 28993 1.322
  197 19103 4.119
  198 18616 5.026
  199  6915 2.393
  200 19683 3.904
  201 23586 3.577
  202 29483 2.192
  203 19544 2.406
  204  7283 3.050
  205  9182 2.304
  206  7680 3.821
  207  8432 16.905
  208  4565 3.509
  209  3453 3.129
  210  7569 4.901
  211 24900 3.670
  212 15050 1.636
  213 18688 7.086
  214 16189 8.554
  215  7558 2.034
  216  5915 8.568
  217 15369 4.840
  218 10486 1.603
  219 36661 6.948
  220 23307 3.154
  221 18937 7.172
  222  8466 6.086
  223 10629 2.433
  224  8040 2.064
  225 30228 6.339
  226 27638 3.188
  227  5329 2.304
  228  6655 1.716
  229 17490 1.130
  230 27429 2.573
  231  9858 5.998
  232  4230 2.711
  233 15191 6.827
  234  6231 4.542
  235 20187 2.916
  236 22337 7.193
  237 11842 11.432
  238 30811 6.296
  239 10030 11.213
  240 11103 2.477
  241  6665 1.390
  242  4162 15.915
  243 12884 1.292
  244 30847 7.722
  245 12701 0.948
  246 12645 15.149
  247 14667 3.593
  248 20427 3.598
  249 21542 4.207
  250     9 1.758
  251 10186 5.782
  252 14442 3.186
  253 25067 8.941
  254 15237 0.764
  255  9444 3.739
  256 19222 3.143
  257 29287 17.979
  258 15697 1.291
  259 27648 3.653
  260 23144 2.529
  261 12090 1.762
  262 16067 3.413
  263  4558 13.590
  264 10486 1.345
  265  5734 3.200
  266 18609 1.823
  267 13033 4.947
  268  3399 5.490
  269  2947 3.167
  270  7729 1.078
  271 17035 3.119
  272 13418 4.588
  273 13051 21.397
  274 14210 3.339
  275    53 18.222
  276 10431 1.364
  277  7670 5.458
  278 35414 5.480
  279 32759 2.748
  280  7713 2.197
  281 17104 6.390
  282 22405 3.724
  283  3977 4.192
  284 18374 4.802
  285 15519 2.017
  286 16231 2.335
  287 12967 11.524
  288  9638 6.398
  289  3236 1.406
  290  1018 4.546
  291  5990 3.449
  292  7692 3.936
  293 21637 16.429
  294  8340 2.513
  295 16048 10.403
  296 17721 1.052
  297 25787 4.323
  298 32218 10.953
  299 23248 4.464
  300 27850 1.826
  301  5742 4.518
  302 11340 2.233
  303 27116 10.519
  304 13721 14.870
  305 10844 5.044
  306 19148 3.120
  307  5133 11.050
  308  7449 2.969
  309 15339 2.082
  310 31741 9.712
  311 11366 1.281
  312  3973 2.914
  313 17757 2.231
  314  3830 4.619
  315 39358 2.317
  316  6936 4.595
  317  4376 6.883
  318 17081 2.756
  319 19199 21.582
  320  8170 1.611
  321  7139 7.991
  322 18149 10.043
  323  6576 3.806
  324 28649 8.507
  325  7533 2.438
  326 32310 3.004
  327 14640 5.800
  328  9101 0.956
  329 32099 16.236
  330 28149 2.714
  331   768 15.432
  332 18869 3.155
  333  7665 1.351
  334 13678 1.845
  335 16193 5.312
  336 11169 1.557
  337 18758 2.388
  338 27873 1.930
  339  3191 1.258
  340    72 19.846
  341 37670 2.248
  342 21319 2.181
  343 24605 1.808
  344 14422 1.691
  345  8522 2.365
  346 14804 3.976
  347  2125 12.623
  348  7450 7.271
  349  7892 3.335
  350 13749 2.297
  351 32560 2.874
  352 11532 11.408
  353 24220 3.939
  354  9926 8.435
  355 23632 2.178
  356 13319 7.513
  357 19833 9.671
  358 15437 20.624
  359  9521 1.682
  360 13359 5.277
  361 19420 3.448
  362 42442 5.277
  363  6866 5.587
  364 21032 2.236
  365 14715 4.987
  366  2861 10.725
  367 23448 9.099
  368 17913 9.896
  369 13393 2.102
  370 15981 6.357
  371 17693 2.361
  372  6408 6.316
  373 21359 3.835
  374   242 14.253
  375 16892 3.184
  376 18874 8.116
  377 12721 3.338
  378  4772 7.197
  379 17281 1.615
  380 15593 0.939
  381  9804 1.374
  382 28544 4.849
  383 16123 13.461
  384 27277 4.337
  385 10980 2.407
  386  8108 3.452
  387  4784 1.627
  388 22372 3.671
  389 10434 8.691
  390 17666 4.623
  391 12192 1.989
  392  5684 4.990
  393 11545 2.198
  394 26181 5.888
  395  8508 3.376
  396  8842 1.096
  397 31876 19.318
  398 28215 2.732
  399 13917 5.132
  400  9445 2.125
  401 20044 1.914
  402    86 11.348
  403 12482 9.614
  404  8238 6.431
  405 14412 3.577
  406  1787 5.705
  407  7609 2.597
  408 20786 5.540
  409 20043 14.911
  410 12566 1.224
  411  7600 3.054
  412 17250 38.737
  413 28041 2.132
  414 14297 9.288
  415 10198 1.299
  416 18320 16.527
  417 13116 1.252
  418 10943 4.571
  419 19231 1.743
  420  8455 1.501
  421  9511 1.786
  422  9655 6.073
  423 14881 13.334
  424 26440 1.583
  425 24338 1.728
  426   429 5.539
  427 26281 10.309
  428 24531 4.715
  429  4549 0.976
  430  8978 1.271
  431 21417 1.533
  432 13734 4.229
  433 21617 1.713
  434 29552 7.119
  435  6589 1.541
  436 12421 7.670
  437 21518 3.397
  438 10765 4.561
  439  6280 1.893
  440 30067 14.095
  441  7669 3.588
  442 11531 2.626
  443 19834 3.774
  444 26688 7.596
  445  6877 4.162
  446 12147 4.831
  447 12611 3.791
  448 27974 2.005
  449  6263 1.539
  450 35473 7.126
  451   124 14.485
  452  8838 2.250
  453 10921 7.898
  454 13342 4.935
  455  7503 1.323
  456  4892 1.684
  457 22775 6.934
  458  6867 2.942
  459 36100 3.521
  460 24503 28.715
  461  4749 1.575
  462  7220 5.322
  463 21192 11.749
  464  8159 7.788
  465 32232 2.242
  466 15111 3.178
  467  4665 1.328
  468 36263 3.789
  469  5177 3.217
  470    35 20.339
  471 39679 14.493
  472 12472 1.902
  473 13651 5.812
  474 11497 3.800
  475 26779 26.532
  476 13784 3.338
  477 22080 2.821
  478 15495 3.377
  479 18040 3.429
  480 18521 8.726
  481  4189 4.263
  482 29774 1.499
  483 24357 5.451
  484 14988 3.302
  485 21094 1.249
  486 30156 5.375
  487 15176 1.635
  488    19 1.662
  489 45442 6.417
  490  6786 5.408
  491  4216 15.784
  492 17353 2.833
  493    43 8.490
  494 11520 6.649
  495 26940 7.518
  496 27123 3.286
  497  1649 1.258
  498 38423 13.897
  499  3809 5.466
  500 11914 6.924
  501 13913 7.236
  502 19576 1.504
  503 13089 2.686
  504 21688 2.079
  505 16262 2.476
  506 15164 2.732
  507 36174 1.816
  508 28690 3.063
  509  9230 7.387
  510 26499 8.849
  511 11966 1.162
  512 29150 13.731
  513  6559 3.121
  514 21005 3.103
  515  4706 1.948
  516 32645 3.680
  517 36086 4.756
  518  5337 2.242
  519 11236 4.011
  520 28217 7.543
  521 19026 0.898
  522 21146 1.377
  523 38616 3.397
  524 27571 5.728
  525  9189 1.285
  526 13852 8.695
  527 21956 3.264
  528 11475 2.853
  529 11647 1.596
  530 14457 1.416
  531 11771 0.928
  532  5472 2.509
  533 28615 4.313
  534 15651 2.734
  535 12977 1.389
  536 15548 6.124
  537  6445 3.095
  538   417 9.626
  539 16150 2.222
  540 14057 1.938
  541 17120 19.545
  542 18519 9.264
  543 13298 11.573
  544  9285 3.865
  545 38175 2.351
  546 34225 16.225
  547 17094 1.565
  548 19630 20.525
  549 11892 1.022
  550  8695 2.154
  551 25073 18.747
  552  7947 2.725
  553 12701 10.466
  554 20633 6.484
  555  9881 2.066
  556 13519 6.318
  557 24282 4.786
  558 10069 9.083
  559 12613 3.960
  560 15081 1.903
  561 21738 2.644
  562  7408 2.445
  563 34966 2.929
  564  2968 2.695
  565 12082 2.262
  566 12005 0.932
  567  8062 2.158
  568 36981 2.079
  569 27612 10.654
  570 19745 1.209
  571 28748 6.498
  572 17722 2.256
  573 36289 2.888
  574 11768 1.059
  575 31695 2.664
  576 25162 10.189
  577 31446 8.954
  578 19460 7.147
  579  4984 3.337
  580 15875 14.422
  581 21274 5.762
  582 17190 2.306
  583    22 3.668
  584 12586 2.153
  585 32211 16.575
  586 14392 17.058
  587  6289 2.070
  588 22482 1.118
  589 12106 0.859
  590 25518 5.813
  591  9507 4.562
  592  8098 3.846
  593 17335 6.157
  594  9392 2.690
  595  9489 2.771
  596 21120 2.956
  597 32802 18.821
  598 10808 6.966
  599 15171 4.179
  600 13869 3.451
  601  7207 1.021
  602 15100 2.485
  603  9311 8.772
  604 24614 3.745
  605  7122 2.524
  606 42017 5.886
  607  6042 2.708
  608 14277 6.761
  609  5877 2.125
  610 24525 1.241
  611 30958 2.429
  612 19026 4.921
  613 36240 4.105
  614 15029 2.169
  615 21378 12.510
  616  5623 2.676
  617 28368 6.009
  618 11863 1.617
  619  7551 3.380
  620 17677 5.161
  621 19113 14.578
  622 20362 6.582
  623 22259 9.517
  624 32993 6.664
  625 22073 1.945
  626  8513 6.026
  627 25965 4.383
  628 27361 16.137
  629 11949 3.643
  630 12496 3.799
  631 38385 7.517
  632 11763 1.105
  633  5076 7.201
  634  9591 3.562
  635 15109 9.168
  636 13537 6.759
  637    62 7.117
  638  3699 1.235
  639 34982 1.540
  640 21216 5.596
  641 21532 1.244
  642  6789 0.951
  643 34252 14.358
  644 27254 1.403
  645 24235 7.061
  646 38961 12.103
  647  7399 2.018
  648  7176 1.969
  649   722 12.995
  650 13059 7.516
  651 22437 1.056
  652 30673 8.020
  653 16659 5.642
  654  8763 4.163
  655 17868 3.292
  656 11108 7.128
  657 16846 3.711
  658 11773 3.251
  659 12320 1.726
  660 15308 2.309
  661 15120 1.202
  662  3683 42.860
  663  9842 3.571
  664 14012 5.466
  665 21454 6.874
  666    35 7.184
  667 11008 3.913
  668 24587 3.284
  669  1958 2.245
  670 27587 8.930
  671  7241 1.244
  672 26427 8.143
  673 11748 5.054
  674 13147 8.396
  675 28890 3.752
  676 12882 21.545
  677 24310 5.194
  678 11589 2.134
  679  9399 7.127
  680 20036 24.781
  681  1770 5.724
  682  6855 4.611
  683 16023 7.019
  684  8480 28.717
  685 27077 2.235
  686 36857 2.271
  687 17680 3.636
  688  8476 7.760
  689 11844 1.338
  690 32599 3.324
  691 18184 2.075
  692 37007 7.557
  693 13453 5.759
  694  6385 1.493
  695  9407 7.130
  696    12 15.326
  697  4518 3.654
  698 24892 1.775
  699 21610 1.909
  700 38980 2.815
  701  7604 8.638
  702 21644 7.831
  703  9729 1.451
  704  8327 2.985
  705 38261 2.760
  706 22590 2.097
  707 26615 1.150
  708  9484 3.300
  709 17759 5.605
  710 15306 3.674
  711 15420 1.584
  712 17392 3.248
  713 20297 7.816
  714  9494 13.625
  715 33818 3.602
  716 10025 2.572
  717 34242 2.580
  718 37002 2.367
  719 26539 2.966
  720 19970 0.943
  721  8050 18.861
  722 26097 1.340
  723 28730 16.518
  724 27774 4.560
  725 16603 2.482
  726 26164 4.294
  727  7359 36.861
  728 11569 9.566
  729  6002 2.943
  730  7526 15.032
  731  4554 2.342
  732 31965 11.126
  733 24156 30.917
  734  9234 19.215
  735 14313 0.993
  736 27915 1.419
  737 43007 12.502
  738 22221 1.297
  739 31934 8.676
  740 11784 5.379
  741 13064 5.831
  742 10251 7.566
  743  5833 8.914
  744 12018 20.572
  745 16022 4.550
  746  6201 1.804
  747 29601 10.116
  748 15926 4.361
  749 14926 4.618
  750  5536 4.755
  751 14863 1.824
  752 20790 4.309
  753 22638 2.212
  754 10628 2.734
  755 25335 8.355
  756  7793 5.156
  757  6299 6.615
  758 13437 3.146
  759 15785 5.602
  760 11748 2.051
  761  8198 5.268
  762  3394 3.871
  763  8504 1.493
  764 33590 10.029
  765 20815 2.257
  766 24913 4.653
  767 15839 1.155
  768 33731 5.154
  769  9193 1.620
  770 26818 1.352
  771 24469 7.864
  772  6790 6.599
  773 12769 8.058
  774 12830 1.395
  775 24176 7.029
  776  4028 1.870
  777 10182 3.874
  778  4322 1.615
  779 31527 15.700
  780 12869 6.557
  781 30339 11.487
  782 24466 2.784
  783 10105 1.783
  784 24192 2.824
  785 14192 1.628
  786 17244 3.986
  787 17569 6.720
  788 23258 50.254
  789 30766 8.182
  790 19945 6.483
  791 33457 41.226
  792 11849 1.578
  793 14289 1.140
  794 13612 1.085
  795  4991 4.008
  796 11492 3.457
  797 26922 1.573
  798 15195 1.757
  799 11200 2.446
  800 10384 5.072
  801 14572 5.570
  802 15337 5.148
  803 11561 2.211
  804 27165 21.548
  805 13750 9.717
  806 25714 5.677
  807 24628 5.216
  808  4899 8.205
  809 15066 2.487
  810  7827 26.200
  811 37613 5.385
  812    18 2.308
  813   738 3.922
  814  5683 1.423
  815 20687 17.200
  816  8656 3.395
  817 17383 1.608
  818 24420 1.107
  819 13575 1.751
  820 10200 4.669
  821 11593 1.441
  822 18741 3.873
  823  5737 10.286
  824 15714 8.108
  825  9620 2.240
  826 28650 4.436
  827 20879 6.166
  828 15269 6.860
  829 34948 14.473
  830 17827 5.088
  831 36504 6.809
  832 25102 14.330
  833  6618 1.164
  834 10636 2.407
  835  5146 2.462
  836 24867 5.564
  837 11926 2.829
  838  5625 13.282
  839 21167 2.039
  840 30474 3.792
  841 14987 7.538
  842 10540 1.480
  843 24485 2.300
  844 34857 4.330
  845 26722 1.331
  846 20534 1.370
  847  7893 5.313
  848 24146 3.501
  849  7777 3.987
  850  6286 3.480
  851 23505 3.025
  852  4670 2.237
  853  4405 1.033
  854 30132 9.971
  855 23576 1.725
  856 15568 6.585
  857 18071 3.983
  858 26086 5.806
  859 22696 2.591
  860 17889 4.457
  861 18621 8.261
  862  7480 0.891
  863 21808 9.063
  864 13640 1.240
  865 13606 2.127
  866 14523 2.388
  867 10746 0.914
  868 17182 3.035
  869 12438 6.895
  870 22818 5.810
  871 35264 9.154
  872 13214 9.599
  873 32932 1.632
  874  6311 3.315
  875  4988 2.400
  876  2018 1.953
  877 21824 11.934
  878  9817 4.209
  879 25838 5.561
  880  9156 14.421
  881 17722 3.571
  882 22720 1.119
  883 32434 1.624
  884 10095 3.539
  885  9742 2.583
  886 16070 7.268
  887 25777 10.903
  888  8303 1.886
  889 15955 24.875
  890 27155 2.748
  891 29645 3.625
  892 30744 13.901
  893 13385 3.037
  894 28807 1.951
  895 27527 3.652
  896  4466 2.176
  897  2383 7.716
  898 29311 7.810
  899  4259 4.896
  900  7687 3.679
  901 11832 1.140
  902 17345 0.995
  903  9157 1.037
  904 19118 7.176
  905 38675 3.480
  906 13226 15.004
  907 14526 44.526
  908 36784 1.966
  909 20609 2.320
  910 10454 10.906
  911 15948 3.111
  912 11968 0.555
  913  8119 1.769
  914 33513 4.091
  915 28251 3.035
  916 19068 5.972
  917 13093 1.294
  918 16688 0.478
  919  9889 0.407
  920  8757 1.296
  921 33852 3.406
  922  9101 1.072
  923 33997 2.054
  924 24276 5.630
  925  4755 2.405
  926 17760 3.276
  927 11050 1.513
  928 20060 1.871
  929 27521 1.564
  930 34850 9.594
  931 15012 4.906
  932    39 2.601
  933  8547 2.714
  934 10470 41.989
  935  6963 1.008
  936 34459 1.871
  937  6557 4.354
  938 16356 1.356
  939 19665 1.014
  940 23050 7.511
  941 10282 0.457
  942  9212 2.474
  943  5956 0.644
  944 10924 4.608
  945 18456 4.088
  946 13841 1.371
  947 14619 4.799
  948 12174 2.161
  949  6886 2.667
  950 11555 3.411
  951 27303 4.041
  952  4674 2.264
  953  7078 1.970
  954  7846 5.870
  955  5853 6.715
  956 25342 9.985
  957  2391 8.140
  958  5308 9.236
  959  4663 2.271
  960 12108 0.975
  961 12053 0.803
  962 30422 2.304
  963 13583 1.672
  964  4103 2.760
  965 19588 0.643
  966  6264 9.290
  967 12865 1.586
  968 12754 1.334
  969 10344 4.811
  970 10690 2.649
  971 10904 2.653
  972 16595 4.094
  973 13330 0.693
  974  9838 6.628
  975 28584 4.788
  976  1700 4.892
  977  9274 0.617
  978 14182 5.158
  979 12354 8.830
  980  9179 2.051
  981 23127 1.564
  982 22429 2.559
  983 28821 4.647
  984  3703 1.143
  985 13595 1.888
  986 35097 3.276
  987 29916 1.357
  988 37252 2.491
  989  1838 1.679
  990 11515 1.552
  991  5838 5.623
  992 14246 1.268
  993 28368 1.256
  994 17990 5.219
  995  9021 2.256
  996 22671 1.792
  997 18231 5.221
  998 22199 5.282
  999 26579 0.881
