    1  4697 1.076
    2 19735 2.874
    3 11882 1.877
    4  9411 0.845
    5  4528 2.345
    6  7563 3.450
    7  7848 2.084
    8 34462 6.044
    9  8093 2.586
   10   107 2.266
   11 16565 1.287
   12  4943 1.378
   13  3472 1.306
   14 18029 1.294
   15 22061 5.657
   16 20765 3.580
   17 24429 5.337
   18  5409 1.125
   19 41669 2.069
   20 17512 1.156
   21 21960 4.355
   22 18506 1.161
   23 19882 6.898
   24 13521 11.014
   25 11879 2.249
   26 15304 10.678
   27 37683 1.412
   28  1604 17.154
   29  4012 2.094
   30  9583 3.373
   31 18276 4.034
   32  6106 1.573
   33 29926 2.662
   34 18363 1.981
   35 29140 2.414
   36 15219 3.482
   37 35807 8.539
   38 14350 3.811
   39 23673 1.522
   40 13307 2.368
   41 12438 1.091
   42  5215 2.578
   43   155 9.144
   44 16499 1.755
   45 10257 9.782
   46  7105 1.819
   47 29080 1.701
   48 23229 3.762
   49 31155 3.525
   50 29673 0.873
   51    74 21.889
   52  5905 1.510
   53 27296 6.075
   54 17154 4.932
   55 10170 1.522
   56 35724 9.554
   57 19683 21.757
   58  8545 2.691
   59  7801 1.309
   60 14129 1.370
   61  7989 7.815
   62 17883 1.529
   63 23951 6.036
   64  1458 19.442
   65 20409 2.006
   66 17933 2.670
   67 25078 6.773
   68 15260 5.861
   69  8002 2.822
   70 37263 6.361
   71 21194 6.659
   72 16159 1.524
   73 22549 2.390
   74   139 32.167
   75 24106 1.876
   76 24900 3.449
   77    34 1.509
   78 17149 5.128
   79 30292 8.918
   80 20365 5.076
   81 23044 1.996
   82 25815 10.134
   83  6606 2.438
   84  9090 5.091
   85 10697 1.702
   86 13003 2.688
   87  3058 3.269
   88 11415 4.715
   89 34319 14.047
   90  1942 1.835
   91 18114 1.121
   92 25313 2.615
   93 21482 12.739
   94  3424 3.734
   95 10322 3.121
   96  6657 1.002
   97  4804 1.507
   98  7309 1.942
   99 12500 1.994
  100 20668 9.047
  101 11479 3.171
  102 18728 3.059
  103  7471 1.741
  104 16415 6.070
  105 37404 3.358
  106 14523 4.194
  107 16724 4.684
  108 19204 5.345
  109 29004 9.453
  110  7211 4.591
  111 35199 5.376
  112 10760 18.917
  113 22557 4.226
  114 11260 3.276
  115 11162 4.879
  116 24219 1.302
  117 26528 1.711
  118  6878 4.503
  119 30038 3.640
  120 23460 1.254
  121 26499 6.989
  122 14115 2.966
  123 15929 6.643
  124   203 0.979
  125 29246 3.662
  126 19149 1.683
  127 17862 4.382
  128  3909 2.684
  129 13336 1.544
  130 17393 1.460
  131  4737 2.324
  132 14311 1.812
  133 16367 9.047
  134  9301 12.169
  135 26322 1.524
  136  7338 2.065
  137 32208 2.279
  138 38073 12.372
  139  4220 3.840
  140 19058 1.570
  141 22113 3.125
  142  4149 1.695
  143 26606 4.041
  144 28274 5.089
  145  6470 3.587
  146  9276 2.151
  147 35578 2.049
  148 11138 2.964
  149  8750 1.281
  150  4743 4.475
  151 12496 3.010
  152  8904 1.164
  153 20422 4.902
  154 13437 0.874
  155 12136 2.103
  156  8571 2.364
  157 15645 2.866
  158 15063 3.823
  159  1973 5.192
  160  5219 6.283
  161 22246 2.099
  162 32259 2.011
  163 14269 1.621
  164 29145 5.364
  165 22279 1.992
  166  3775 9.055
  167 30788 2.920
  168 24551 5.730
  169 19858 17.527
  170  4532 5.834
  171 11791 4.741
  172  2817 5.034
  173  6158 3.817
  174 19191 5.422
  175 12163 8.794
  176  9990 2.709
  177 21773 4.154
  178  4232 1.136
  179  3293 33.488
  180 19929 16.761
  181  8558 2.918
  182 10317 9.949
  183 11019 4.810
  184 40390 3.306
  185  6827 4.636
  186 21274 1.309
  187  7577 4.434
  188 31871 5.470
  189 15388 12.923
  190 31081 1.128
  191 17527 1.266
  192 26382 1.232
  193 17131 2.984
  194  9513 2.832
  195 13403 4.209
  196 28984 1.146
  197 19127 3.527
  198 18667 4.568
  199  6915 1.935
  200 19690 3.994
  201 23572 2.763
  202 29423 1.979
  203 19576 3.170
  204  7304 2.601
  205  9175 2.105
  206  7703 2.713
  207  8487 14.043
  208  4557 3.309
  209  3673 3.170
  210  7575 3.530
  211 24900 2.464
  212 15050 1.401
  213 19000 5.406
  214 16092 7.453
  215  7607 1.689
  216  5921 5.752
  217 15384 5.817
  218 10469 1.432
  219 36671 4.851
  220 23293 2.874
  221 18927 4.041
  222  8334 6.350
  223 10683 2.059
  224  8040 1.943
  225 30278 5.302
  226 27646 1.894
  227  5289 2.512
  228  6599 2.527
  229 17504 1.290
  230 27524 3.533
  231  9694 5.275
  232  4257 2.525
  233 15290 3.255
  234  6271 3.347
  235 20187 2.156
  236 22332 4.448
  237 11993 8.033
  238 30811 4.202
  239 10228 7.043
  240 11090 2.161
  241  6665 1.082
  242  4418 20.067
  243 12884 1.406
  244 30976 6.351
  245 12701 1.011
  246 12650 17.692
  247 14698 2.781
  248 20472 4.434
  249 21553 3.888
  250     9 2.009
  251 10168 9.385
  252 14467 2.598
  253 25011 7.177
  254 15237 1.105
  255  9426 3.638
  256 19130 2.606
  257 29187 14.032
  258 15768 1.196
  259 27828 2.877
  260 23174 2.096
  261 12071 1.650
  262 16006 3.085
  263  4346 9.876
  264 10486 1.313
  265  5731 2.562
  266 18609 1.661
  267 13256 5.940
  268  3531 5.251
  269  2947 2.241
  270  7729 1.129
  271 17066 2.273
  272 13582 4.271
  273 12922 25.574
  274 14210 2.570
  275  1717 14.068
  276 10417 1.587
  277  7643 5.473
  278 35448 2.796
  279 32759 1.898
  280  7713 1.613
  281 17104 4.057
  282 22450 2.562
  283  3977 3.001
  284 18440 4.620
  285 15510 1.562
  286 16311 2.474
  287 13067 7.587
  288  9628 3.767
  289  3236 1.698
  290  1018 4.931
  291  5990 2.313
  292  7687 5.168
  293 21652 8.486
  294  8328 3.164
  295 16170 8.784
  296 17701 1.257
  297 25792 3.583
  298 32144 8.934
  299 23274 3.350
  300 27850 1.742
  301  5741 3.176
  302 11468 1.739
  303 27075 7.103
  304 13758 13.058
  305 10875 4.368
  306 19504 2.645
  307  5153 7.276
  308  7436 3.832
  309 15339 1.688
  310 31824 11.508
  311 11370 1.481
  312  4033 2.444
  313 17751 1.948
  314  3876 4.261
  315 39364 2.030
  316  7050 3.328
  317  4390 6.479
  318 17065 1.899
  319 19120 14.917
  320  8170 1.532
  321  7139 7.704
  322 18038 10.609
  323  6592 2.804
  324 28625 6.644
  325  7573 1.841
  326 32310 2.816
  327 14746 3.408
  328  9101 1.017
  329 32104 10.986
  330 28176 2.273
  331   724 12.624
  332 18825 2.752
  333  7681 1.290
  334 13691 1.673
  335 16203 4.525
  336 11169 1.564
  337 18773 1.801
  338 27891 1.584
  339  3202 2.036
  340    95 19.221
  341 37663 2.341
  342 21310 1.635
  343 24605 1.714
  344 14416 2.474
  345  8528 2.575
  346 14703 3.147
  347  1755 13.831
  348  7622 7.657
  349  7900 2.108
  350 13749 2.084
  351 32564 2.902
  352 11488 8.251
  353 24183 3.701
  354 10031 7.414
  355 23632 2.033
  356 13450 8.689
  357 19845 5.034
  358 15572 16.739
  359  9505 1.715
  360 13374 4.252
  361 19744 3.069
  362 42458 3.729
  363  6866 2.934
  364 21051 1.728
  365 14616 4.606
  366  2848 6.373
  367 23491 7.688
  368 17909 6.574
  369 13375 1.963
  370 15973 5.710
  371 17703 2.057
  372  6402 4.949
  373 21326 3.276
  374  1931 21.024
  375 16831 2.620
  376 19006 8.199
  377 12718 2.121
  378  4318 6.796
  379 17281 1.394
  380 15618 1.007
  381  9804 1.457
  382 28557 3.637
  383 16426 12.162
  384 27271 3.131
  385 11041 2.073
  386  8094 2.958
  387  4793 1.610
  388 22398 3.508
  389 10500 7.822
  390 17493 4.062
  391 12192 1.555
  392  5652 3.490
  393 11536 2.328
  394 26192 4.028
  395  8524 2.347
  396  8842 1.156
  397 31834 15.376
  398 28203 2.153
  399 13926 4.571
  400  9439 2.405
  401 20039 1.714
  402  2651 19.360
  403 12522 7.595
  404  8269 5.480
  405 14334 3.051
  406  1811 5.329
  407  7605 2.319
  408 20865 6.300
  409 20294 14.776
  410 12564 1.125
  411  7633 2.933
  412 17389 27.919
  413 28071 1.656
  414 14271 8.098
  415 10198 1.426
  416 24125 9.769
  417 13124 1.679
  418 10928 4.475
  419 19197 1.757
  420  8463 1.612
  421  9485 1.636
  422  9622 5.037
  423 14872 16.242
  424 26471 1.997
  425 24338 1.724
  426   558 4.083
  427 26269 10.049
  428 24553 3.907
  429  4577 0.920
  430  8974 1.245
  431 21454 1.483
  432 13910 2.973
  433 21617 1.772
  434 29590 5.503
  435  6607 1.370
  436 12540 5.327
  437 21512 3.346
  438 10765 3.441
  439  6331 1.770
  440 30100 10.534
  441  7674 4.840
  442 11536 2.400
  443 19864 4.036
  444 26728 6.108
  445  6877 4.008
  446 12201 3.253
  447 12611 4.125
  448 27950 1.937
  449  6263 1.412
  450 35295 8.923
  451   124 20.915
  452  8838 1.872
  453 10823 7.982
  454 13334 3.704
  455  7503 1.612
  456  4897 2.177
  457 22852 6.075
  458  6907 2.770
  459 36132 3.847
  460 24417 17.383
  461  4750 1.632
  462  7220 4.480
  463 21220 7.468
  464  8249 7.005
  465 32154 2.045
  466 15126 3.505
  467  4665 1.397
  468 36279 2.340
  469  5187 3.044
  470   462 21.664
  471 39558 10.774
  472 12472 1.611
  473 13502 5.827
  474 11579 2.265
  475 26706 20.784
  476 13787 2.537
  477 22174 2.146
  478 15495 2.137
  479 17972 3.103
  480 18505 6.044
  481  4198 3.564
  482 29774 1.501
  483 24302 3.822
  484 14929 3.443
  485 21094 1.604
  486 30151 3.685
  487 15171 1.735
  488    19 1.983
  489 45457 4.975
  490  6778 4.284
  491  4272 10.829
  492 17368 4.539
  493    41 10.452
  494 11520 4.908
  495 26940 5.963
  496 27123 3.239
  497  1649 1.483
  498 38416 10.671
  499  3818 4.576
  500 11962 6.654
  501 13929 6.381
  502 19589 1.458
  503 13089 2.131
  504 21655 2.284
  505 16266 2.061
  506 15164 1.975
  507 36174 1.781
  508 28794 2.372
  509  9245 4.831
  510 26601 6.372
  511 11966 1.273
  512 28907 8.659
  513  6570 2.810
  514 21004 2.443
  515  4716 1.834
  516 32684 2.924
  517 36103 5.432
  518  5344 2.165
  519 11220 3.646
  520 28200 6.916
  521 19026 1.181
  522 21112 1.758
  523 38652 4.368
  524 27544 5.045
  525  9190 1.712
  526 13832 10.576
  527 21968 2.531
  528 11507 2.895
  529 11647 1.395
  530 14444 1.585
  531 11771 0.967
  532  5472 2.704
  533 28617 3.482
  534 15651 2.154
  535 12977 1.533
  536 15604 4.561
  537  6407 3.161
  538   730 6.084
  539 16141 2.131
  540 13907 2.561
  541 16997 14.339
  542 18595 7.508
  543 13234 10.490
  544  9221 4.329
  545 38168 1.758
  546 34215 11.572
  547 17088 1.978
  548 19853 15.240
  549 11892 1.038
  550  8706 2.101
  551 25108 18.024
  552  7947 1.847
  553 12721 7.972
  554 20602 5.935
  555  9835 1.609
  556 13504 5.727
  557 24361 3.167
  558 10121 8.764
  559 12647 2.536
  560 15065 1.847
  561 21732 2.138
  562  7416 1.739
  563 34980 3.245
  564  2968 2.191
  565 11965 2.061
  566 12005 1.126
  567  8073 1.740
  568 36971 1.812
  569 27726 10.364
  570 19745 1.374
  571 28753 7.243
  572 17733 2.630
  573 36289 2.390
  574 11768 1.087
  575 31683 2.142
  576 25193 11.022
  577 31561 6.280
  578 19445 5.725
  579  5019 4.097
  580 15871 10.607
  581 21328 9.612
  582 17190 1.915
  583    22 4.115
  584 12752 1.496
  585 32376 11.449
  586 14408 20.344
  587  6297 1.432
  588 22470 1.326
  589 12092 1.287
  590 25518 3.577
  591  9507 3.465
  592  8102 2.825
  593 17456 5.537
  594  9392 2.367
  595  9478 3.093
  596 21112 3.276
  597 32779 12.222
  598 10868 5.260
  599 15159 6.046
  600 13828 3.411
  601  7207 1.122
  602 15080 1.647
  603  9284 7.517
  604 24632 3.218
  605  7129 3.155
  606 42023 3.826
  607  6056 2.220
  608 14289 5.482
  609  5965 2.352
  610 24525 1.351
  611 30967 2.528
  612 18777 4.558
  613 36212 3.828
  614 15045 2.487
  615 21351 9.391
  616  5632 2.515
  617 28499 5.364
  618 11869 1.701
  619  7537 3.833
  620 17665 4.100
  621 19914 14.212
  622 20435 4.364
  623 22235 6.756
  624 32993 4.279
  625 22073 2.331
  626  8525 4.866
  627 25986 4.281
  628 27383 12.540
  629 11970 3.883
  630 12496 2.984
  631 39169 4.352
  632 11763 1.121
  633  5099 6.211
  634  9591 4.426
  635 15186 7.264
  636 13448 4.703
  637    68 8.314
  638  3699 1.439
  639 34982 1.614
  640 21196 4.928
  641 21522 1.307
  642  6782 0.973
  643 34267 11.537
  644 27223 1.492
  645 24271 5.373
  646 39003 6.833
  647  7408 2.738
  648  7173 2.014
  649   700 11.434
  650 12408 9.377
  651 22406 1.138
  652 30675 5.887
  653 16600 5.832
  654  8818 3.400
  655 17854 3.242
  656 11161 6.853
  657 16864 2.964
  658 11769 2.970
  659 12321 1.755
  660 15308 1.888
  661 15120 1.073
  662  3675 34.656
  663  9842 2.566
  664 14004 6.088
  665 21441 4.561
  666    56 11.594
  667 11002 3.599
  668 24587 1.950
  669  1969 2.102
  670 27715 7.953
  671  7241 1.199
  672 26458 5.182
  673 11877 3.483
  674 13175 6.805
  675 28919 4.555
  676 12929 16.510
  677 24355 4.492
  678 11589 1.845
  679  9398 6.189
  680 20191 19.687
  681  2108 3.385
  682  6864 3.672
  683 15917 7.077
  684  8575 13.848
  685 27077 1.540
  686 36943 2.323
  687 17680 2.226
  688  8560 7.239
  689 11844 1.221
  690 32534 1.960
  691 18211 1.870
  692 37021 5.354
  693 13486 3.186
  694  6379 1.715
  695  9317 4.678
  696    12 17.928
  697  4523 2.700
  698 24886 2.066
  699 21616 1.848
  700 38992 2.672
  701  7596 6.172
  702 21515 6.797
  703  9711 2.223
  704  8345 2.165
  705 38267 2.697
  706 22590 1.662
  707 26615 1.186
  708  9495 2.896
  709 17721 6.218
  710 15306 2.359
  711 15400 1.582
  712 17392 2.661
  713 20270 8.033
  714  9523 10.336
  715 33812 2.742
  716 10045 2.152
  717 34264 3.331
  718 37002 2.212
  719 26553 2.529
  720 19970 1.162
  721  8057 15.932
  722 26097 1.520
  723 28679 11.109
  724 27784 4.487
  725 16633 1.819
  726 26144 3.474
  727  7269 25.183
  728 11605 6.646
  729  6016 3.123
  730  7353 10.664
  731  4554 2.214
  732 31967 7.188
  733 24267 24.488
  734  9221 12.707
  735 14315 0.877
  736 27915 1.614
  737 42877 9.363
  738 22234 1.208
  739 31934 5.589
  740 11869 4.856
  741 13135 4.110
  742 10198 5.037
  743  5853 5.160
  744 12018 13.040
  745 16032 4.541
  746  6201 1.367
  747 29579 7.803
  748 15926 2.691
  749 15015 3.208
  750  5547 4.104
  751 14863 1.489
  752 20819 2.668
  753 22648 1.864
  754 10595 2.470
  755 25357 9.144
  756  7807 3.723
  757  6299 4.389
  758 13437 2.444
  759 15837 4.216
  760 11753 2.459
  761  8189 6.317
  762  3478 3.928
  763  8511 1.576
  764 33575 10.668
  765 20797 2.284
  766 24590 4.567
  767 15849 1.044
  768 33747 3.689
  769  9227 1.529
  770 26818 1.190
  771 24417 5.623
  772  6755 4.129
  773 12971 8.857
  774 12825 1.426
  775 24164 4.867
  776  4010 3.624
  777 10211 2.824
  778  4320 1.665
  779 31621 13.317
  780 12846 4.748
  781 30308 9.385
  782 24458 2.658
  783 10151 1.930
  784 24831 2.227
  785 14192 1.335
  786 17237 3.083
  787 17594 4.351
  788 23808 26.193
  789 30711 5.599
  790 19935 4.099
  791 33449 31.572
  792 11843 1.836
  793 14284 0.857
  794 13604 1.540
  795  4971 3.146
  796 11412 3.358
  797 26923 1.450
  798 15202 1.490
  799 11214 1.832
  800 10342 4.269
  801 14537 4.037
  802 15337 4.399
  803 11561 1.693
  804 27204 16.887
  805 13739 8.089
  806 25704 3.287
  807 24652 4.624
  808  4955 6.573
  809 15052 3.710
  810  7813 21.412
  811 37622 3.441
  812    18 2.693
  813   638 3.914
  814  5683 1.454
  815 20773 13.415
  816  8697 1.985
  817 17366 1.723
  818 24420 0.887
  819 13472 1.309
  820 10252 2.760
  821 11593 1.511
  822 18732 3.904
  823  5756 8.850
  824 15620 6.698
  825  9604 2.094
  826 28680 4.572
  827 20898 5.962
  828 14995 6.282
  829 34881 10.814
  830 17794 4.494
  831 36529 6.070
  832 25426 11.515
  833  6617 1.076
  834 10643 2.106
  835  5153 1.601
  836 24936 4.284
  837 12035 3.062
  838  5660 8.168
  839 21158 2.799
  840 30520 2.935
  841 15025 5.308
  842 10546 1.350
  843 24507 1.633
  844 35087 3.005
  845 26713 1.345
  846 20534 1.136
  847  7542 4.812
  848 24125 2.996
  849  7743 3.620
  850  6288 2.316
  851 23485 2.282
  852  4520 1.688
  853  4400 0.951
  854 30149 8.513
  855 23576 1.340
  856 15519 5.568
  857 18071 3.009
  858 26669 4.646
  859 22689 1.966
  860 17890 3.077
  861 18648 6.917
  862  7480 1.111
  863 21853 6.854
  864 13635 1.144
  865 13606 3.732
  866 14523 1.759
  867 10739 1.171
  868 17152 2.789
  869 12704 6.021
  870 22834 4.529
  871 35250 5.831
  872 13210 6.043
  873 32959 1.575
  874  6401 3.387
  875  5041 2.008
  876  2018 1.931
  877 21613 9.349
  878  9857 2.351
  879 25841 4.150
  880  9099 9.390
  881 17704 2.753
  882 22700 0.760
  883 32434 1.679
  884 10075 2.409
  885  9696 2.520
  886 16080 5.003
  887 25732 9.552
  888  8303 1.759
  889 15974 27.984
  890 27199 2.715
  891 29636 3.398
  892 30764 12.866
  893 13406 1.880
  894 28826 1.458
  895 27541 1.995
  896  4373 1.707
  897  2379 3.978
  898 29296 4.391
  899  4283 1.881
  900  7687 1.807
  901 11832 0.824
  902 17365 0.765
  903  9231 1.167
  904 19164 4.408
  905 38710 4.160
  906 13244 11.416
  907 14738 17.628
  908 36784 1.644
  909 20609 1.945
  910 10480 8.696
  911 16229 2.104
  912 11968 0.469
  913  8119 1.025
  914 33508 1.769
  915 28280 1.992
  916 19151 4.891
  917 13079 1.157
  918 16688 0.475
  919  9889 0.420
  920  8702 1.098
  921 33912 1.883
  922  9101 0.751
  923 33927 1.340
  924 24285 3.838
  925  4760 1.909
  926 17767 1.234
  927 11048 1.511
  928 20060 2.566
  929 27531 1.682
  930 34776 7.562
  931 15037 5.204
  932    39 2.922
  933  8547 2.213
  934 10406 27.744
  935  7000 0.849
  936 34482 1.334
  937  6550 3.274
  938 16350 0.695
  939 19665 0.718
  940 23043 4.290
  941 10282 0.424
  942  9176 2.105
  943  5951 0.471
  944 10869 2.210
  945 18524 4.138
  946 13841 0.982
  947 14625 3.917
  948 12186 1.659
  949  6893 2.211
  950 11649 2.952
  951 27358 2.888
  952  4674 1.451
  953  7078 2.215
  954  7846 2.990
  955  5813 7.076
  956 25304 6.236
  957  2388 6.238
  958  5387 7.771
  959  4806 1.372
  960 12108 0.683
  961 12060 0.597
  962 30502 1.140
  963 13590 1.245
  964  4545 2.062
  965 19588 0.595
  966  6614 7.026
  967 12865 1.261
  968 12790 1.280
  969 10364 4.016
  970 10670 2.134
  971 10881 2.369
  972 16739 2.008
  973 13330 0.582
  974  9869 4.688
  975 28436 3.106
  976  1714 2.762
  977  9274 0.641
  978 14288 2.808
  979 12561 4.877
  980  9200 1.678
  981 23117 0.988
  982 22440 1.391
  983 28809 3.583
  984  3745 0.825
  985 13585 1.498
  986 35071 2.146
  987 29928 1.191
  988 37252 1.847
  989  1669 1.195
  990 11515 1.072
  991  5838 3.977
  992 14268 0.937
  993 28368 1.195
  994 18061 2.971
  995  9042 1.658
  996 22655 1.319
  997 18226 3.073
  998 22143 4.411
  999 26579 0.876
