    1  4658 0.907
    2 19700 2.628
    3 11317 2.387
    4  9411 0.976
    5  4498 4.320
    6  7479 1.413
    7  7921 2.360
    8 34475 3.789
    9  7958 4.977
   10   191 2.085
   11 16568 1.287
   12  4810 1.431
   13  3452 1.209
   14 18083 1.021
   15 22135 3.277
   16 20579 5.392
   17 24346 1.782
   18  5387 1.219
   19 41631 1.936
   20 17494 0.981
   21 21870 4.694
   22 18464 1.804
   23 19259 16.501
   24 13048 12.107
   25 11819 3.286
   26 14987 11.853
   27 37687 1.200
   28   212 6.944
   29  3966 1.841
   30  9563 4.239
   31 18100 3.879
   32  6074 1.574
   33 29835 1.267
   34 18335 1.864
   35 29042 2.847
   36 14360 5.704
   37 34448 9.967
   38 14273 4.782
   39 23673 1.154
   40 13081 4.126
   41 12433 1.189
   42  5615 1.753
   43   891 2.806
   44 16178 3.346
   45 10041 9.793
   46  7060 1.791
   47 29072 1.426
   48 23214 3.199
   49 30884 5.538
   50 29673 0.780
   51   164 1.612
   52  5745 2.382
   53 26330 2.733
   54 16631 4.165
   55 10132 1.309
   56 33667 20.827
   57 18242 18.724
   58  8510 2.093
   59  7728 1.162
   60 14104 1.313
   61  7872 13.251
   62 17796 2.525
   63 23951 6.867
   64   249 1.681
   65 20389 2.098
   66 17638 3.049
   67 25227 7.600
   68 14853 7.672
   69  7986 3.148
   70 35303 6.384
   71 21081 5.404
   72 16159 1.689
   73 22483 1.990
   74   252 11.552
   75 24106 2.550
   76 24894 3.454
   77    24 0.576
   78 17121 2.019
   79 29830 11.068
   80 19260 3.707
   81 23050 3.322
   82 25655 12.231
   83  6435 4.663
   84  8998 2.923
   85 10776 1.558
   86 12967 2.487
   87  3063 12.034
   88 11475 2.701
   89 34049 20.136
   90  1912 2.132
   91 18114 0.985
   92 25328 2.416
   93 20716 12.057
   94  3276 3.381
   95 10291 1.716
   96  6657 0.896
   97  4652 1.827
   98  7274 1.661
   99 12494 1.630
  100 19467 20.676
  101 11317 6.258
  102 18487 2.577
  103  7482 1.258
  104 16307 5.572
  105 37319 2.379
  106 14453 7.165
  107 16438 6.893
  108 19121 10.017
  109 28270 8.535
  110  6754 2.675
  111 35572 5.940
  112  9876 21.237
  113 22404 17.117
  114 10771 3.483
  115 11077 2.312
  116 24219 1.047
  117 26434 2.606
  118  6840 2.285
  119 30038 4.684
  120 23463 1.085
  121 26267 6.646
  122 14101 4.873
  123 15555 6.279
  124   203 0.688
  125 29236 2.967
  126 19149 1.227
  127   260 1.000
  128  3671 5.366
  129 13090 5.549
  130 17312 1.380
  131  4657 2.946
  132 14311 2.529
  133 15110 13.096
  134  6758 5.324
  135 26343 1.555
  136  7291 2.089
  137 32008 2.282
  138 37394 14.252
  139  4201 5.315
  140 18918 1.391
  141 21886 5.087
  142  4067 2.627
  143 26444 13.412
  144 28139 5.361
  145  6156 3.692
  146  9013 4.415
  147 35512 4.060
  148 10986 6.854
  149  8698 1.947
  150  4691 4.078
  151 12364 1.397
  152  8904 1.680
  153 20093 10.320
  154 13295 1.316
  155 12163 1.770
  156  8334 2.604
  157 15147 2.957
  158 14637 4.364
  159   549 10.982
  160  5039 6.566
  161 22174 2.438
  162 31986 2.275
  163 14269 1.525
  164 29087 5.125
  165 22230 1.698
  166  2555 7.266
  167 30897 5.348
  168 24551 6.954
  169 19458 15.414
  170  3777 4.828
  171 11769 9.893
  172   424 1.246
  173  6112 3.643
  174 18877 9.857
  175 11970 6.777
  176  9923 1.852
  177 21478 4.973
  178  4195 1.923
  179  2806 17.100
  180 19662 6.743
  181  8541 1.885
  182  9043 8.906
  183 10964 2.926
  184 40363 2.778
  185  6613 6.990
  186 21274 1.207
  187  7364 2.056
  188 31791 7.280
  189 15170 7.963
  190 31081 1.226
  191 17132 4.070
  192 26347 1.356
  193 17340 2.410
  194  9407 2.035
  195 13260 2.346
  196 28938 1.413
  197 18721 4.139
  198 18194 3.719
  199  6816 5.677
  200 19594 2.925
  201 23602 2.687
  202 29032 4.247
  203 19406 2.918
  204  6733 3.397
  205  9120 2.869
  206  7579 2.938
  207  7805 12.224
  208  4470 2.229
  209  3381 2.882
  210  7247 3.144
  211 24900 5.620
  212 15050 1.812
  213 18403 6.801
  214 15897 3.132
  215  7570 1.726
  216  5711 12.981
  217 15000 5.903
  218 10406 1.879
  219 36286 7.703
  220 23233 2.571
  221 18879 6.332
  222  7239 7.145
  223 10723 1.893
  224  7942 2.252
  225 29430 7.832
  226 27642 2.208
  227  4801 2.255
  228  6519 1.335
  229 17489 1.347
  230 27164 2.787
  231  8881 6.161
  232  4166 1.641
  233 15830 2.671
  234  5972 6.672
  235 19881 5.230
  236 22207 5.871
  237 12337 11.409
  238 30732 8.655
  239 10006 6.739
  240 11051 2.579
  241  6665 1.594
  242  5010 7.421
  243 12884 1.410
  244 31057 3.869
  245 12698 0.779
  246 11271 8.828
  247 14222 11.160
  248 20137 2.947
  249 21416 6.570
  250    13 1.017
  251  9928 2.031
  252 14499 2.556
  253 24967 6.462
  254 15237 0.969
  255  9167 5.307
  256 18966 2.958
  257 28690 9.669
  258 15680 1.271
  259 27749 4.616
  260 23120 1.941
  261 12084 1.708
  262 15651 3.672
  263  3980 7.626
  264 10475 1.838
  265  5731 3.316
  266 18618 2.316
  267 12239 3.258
  268  3384 3.324
  269  2917 2.746
  270  7685 0.942
  271 17042 2.500
  272 13052 2.858
  273 14974 18.395
  274 14048 6.552
  275   841 1.989
  276 10067 1.399
  277  7670 3.601
  278 35196 3.746
  279 32549 4.370
  280  7844 1.963
  281 17116 3.717
  282 22258 2.864
  283  3940 3.921
  284 18196 13.210
  285 15492 1.507
  286 16183 2.009
  287 12886 5.558
  288  9626 5.936
  289  3214 1.090
  290  1000 0.781
  291  5843 6.135
  292  7605 2.280
  293 20999 14.942
  294  8262 1.672
  295 16048 8.771
  296 17568 1.225
  297 25680 3.267
  298 32268 21.197
  299 22811 3.712
  300 27850 1.973
  301  5566 4.409
  302 11384 1.694
  303 27193 9.302
  304 13287 10.792
  305 10744 3.840
  306 19095 2.068
  307  4872 6.410
  308  7372 3.555
  309 15339 2.002
  310 31668 5.685
  311 11370 1.683
  312  3661 2.808
  313 17757 2.394
  314  3583 2.816
  315 39358 1.733
  316  6832 3.618
  317  4072 13.652
  318 17076 1.940
  319 18519 21.095
  320  8145 1.320
  321  6695 7.801
  322 15417 20.722
  323  6240 3.786
  324 28238 4.936
  325  7608 1.913
  326 32313 2.581
  327 14474 4.080
  328  8976 1.114
  329 32044 9.364
  330 28118 1.769
  331   352 1.145
  332 18876 2.108
  333  7523 1.740
  334 13698 1.382
  335 16186 4.331
  336 11086 1.757
  337 18714 2.448
  338 27873 1.420
  339  3191 0.939
  340    72 2.546
  341 37663 1.745
  342 21300 1.654
  343 24621 1.839
  344 14396 1.249
  345  8492 2.064
  346 14812 3.417
  347  1512 10.591
  348  7391 3.542
  349  7718 3.414
  350 13749 2.033
  351 32554 2.146
  352 11094 11.360
  353 24344 2.574
  354  9669 6.857
  355 23333 2.637
  356 12887 4.115
  357 19838 5.656
  358 15314 7.882
  359  9489 1.370
  360 13084 7.511
  361 19709 2.634
  362 42442 3.415
  363  6287 10.410
  364 20950 2.076
  365 14716 6.685
  366  2730 12.828
  367 23278 8.866
  368 17801 7.897
  369 13361 5.474
  370 15906 8.698
  371 17703 4.473
  372  6242 4.576
  373 20762 3.309
  374  1111 4.944
  375 16581 5.253
  376 18705 3.616
  377 12488 2.315
  378  4484 6.193
  379 17206 1.763
  380 15583 0.895
  381  9804 1.207
  382 28459 2.592
  383 16753 6.784
  384 27118 3.433
  385 10919 1.997
  386  7998 6.563
  387  4775 1.258
  388 22070 2.678
  389 10414 4.787
  390 17610 3.447
  391 12156 2.179
  392  5653 10.088
  393 11455 2.096
  394 26146 7.349
  395  8476 3.038
  396  8842 1.135
  397 30786 16.382
  398 27993 4.053
  399 13864 4.497
  400  9411 1.909
  401 20034 1.636
  402  3971 5.751
  403 12385 5.972
  404  8153 7.656
  405 14288 3.330
  406  1692 13.356
  407  7578 3.569
  408 20457 9.857
  409 19833 10.258
  410 12564 1.015
  411  7543 2.351
  412 17217 20.478
  413 28031 1.842
  414 14011 6.230
  415 10178 1.002
  416  1935 1.306
  417 13100 1.249
  418 10708 3.743
  419 19210 1.532
  420  8284 1.891
  421  9489 1.637
  422  9576 3.689
  423 14669 10.603
  424 26460 1.512
  425 24338 1.526
  426     5 0.959
  427 26154 5.534
  428 24491 2.764
  429  4523 1.401
  430  8788 1.765
  431 21417 1.342
  432 13593 4.964
  433 21551 2.184
  434 29372 9.259
  435  6589 1.298
  436 12128 5.849
  437 21506 2.290
  438 10633 11.979
  439  6260 1.486
  440 29930 6.674
  441  7597 2.371
  442 11516 2.010
  443 19764 4.691
  444 26628 3.896
  445  7046 15.088
  446 11973 4.503
  447 12375 1.887
  448 27685 2.915
  449  6257 1.336
  450 34717 4.669
  451   124 1.394
  452  8731 2.617
  453 10375 8.629
  454 13166 3.314
  455  7381 2.144
  456  4815 1.083
  457 22699 3.369
  458  6699 7.864
  459 35936 1.919
  460 23742 21.698
  461  4771 2.164
  462  7220 5.551
  463 20943 16.846
  464  7684 4.703
  465 32058 1.255
  466 15083 2.318
  467  4588 1.450
  468 36279 2.426
  469  5150 2.039
  470    35 5.090
  471 39409 8.485
  472 12444 1.572
  473 13651 4.008
  474 11541 2.651
  475 26095 20.535
  476 13780 2.503
  477 22029 2.272
  478 15500 2.344
  479 17574 3.096
  480 18354 5.354
  481  3614 5.477
  482 29553 2.185
  483 24276 3.503
  484 14954 2.274
  485 21041 1.279
  486 30176 2.648
  487 15161 1.547
  488    19 0.876
  489 45371 4.347
  490  6307 9.334
  491  3630 12.526
  492 17303 1.738
  493    52 0.960
  494 11437 11.202
  495 26912 10.103
  496 27060 2.504
  497  1627 0.948
  498 38242 8.166
  499  3848 3.518
  500 11754 4.320
  501 13733 5.653
  502 19325 2.156
  503 13061 3.016
  504 21392 1.891
  505 16246 1.923
  506 15056 2.462
  507 36150 1.672
  508 28839 4.501
  509  8985 5.327
  510 25843 17.083
  511 11803 2.097
  512 29769 7.226
  513  6528 1.782
  514 20802 4.561
  515  4701 1.459
  516 32669 2.528
  517 36014 2.398
  518  5338 1.708
  519 11014 6.750
  520 27976 4.331
  521 19016 0.894
  522 21096 1.079
  523 38568 2.372
  524 27543 3.925
  525  9184 1.456
  526 13452 12.819
  527 21956 3.391
  528 11480 2.388
  529 11663 1.425
  530 14299 1.637
  531 11771 0.744
  532  5374 2.031
  533 28663 2.939
  534 15629 2.082
  535 12965 1.333
  536 15639 3.781
  537  5863 1.403
  538   235 8.852
  539 16133 2.228
  540 13286 3.935
  541 16628 10.830
  542 18042 10.846
  543 12762 10.007
  544  9025 3.214
  545 38033 4.836
  546 33944 10.175
  547 16983 1.987
  548 17461 4.606
  549 11892 0.868
  550  8512 2.527
  551 24099 8.428
  552  7740 2.439
  553 12566 5.089
  554 20183 7.894
  555  9243 2.297
  556 13177 20.527
  557 24293 3.196
  558  9840 5.536
  559 12148 12.411
  560 15063 2.714
  561 21706 4.042
  562  7241 2.008
  563 34959 2.008
  564  2677 7.244
  565 11748 1.908
  566 11954 0.939
  567  8145 2.055
  568 36971 1.691
  569 27221 10.253
  570 19792 1.213
  571 28665 4.588
  572 17612 1.951
  573 36270 4.861
  574 11768 0.901
  575 31678 1.765
  576 23516 15.673
  577 30352 9.102
  578 19076 16.313
  579  4949 2.757
  580 15731 7.829
  581 21051 3.498
  582 17039 4.435
  583    22 0.853
  584 12759 1.630
  585 32095 13.485
  586 13880 8.184
  587  6051 2.666
  588 22470 1.019
  589 12106 0.840
  590 25449 7.602
  591  9394 6.386
  592  8031 3.397
  593 16904 9.515
  594  9188 3.029
  595  9065 2.415
  596 20971 3.481
  597 32726 14.700
  598 10712 4.703
  599 15154 2.406
  600 13685 2.243
  601  7207 0.887
  602 15076 1.763
  603  9019 5.797
  604 24599 3.251
  605  7083 2.296
  606 42023 3.908
  607  5823 2.305
  608 13544 5.032
  609  5868 1.844
  610 24525 1.106
  611 30724 3.265
  612 18443 6.150
  613 35983 2.023
  614 14557 2.158
  615 21176 11.998
  616  5594 1.883
  617 28281 5.570
  618 11857 1.578
  619  7276 3.049
  620 17641 4.128
  621 19779 15.368
  622 20344 3.894
  623 22106 5.253
  624 32945 4.320
  625 22017 1.565
  626  8456 4.000
  627 25869 3.571
  628 27191 11.770
  629 11718 3.523
  630 12501 2.842
  631 38904 17.393
  632 11763 1.116
  633  4890 4.841
  634  9555 2.652
  635 14577 8.207
  636 13453 4.377
  637    62 2.191
  638  3686 1.153
  639 34995 1.708
  640 21099 6.867
  641 21547 1.369
  642  6789 0.846
  643 34210 6.622
  644 27258 1.389
  645 24111 5.305
  646 39125 6.765
  647  7371 1.298
  648  7169 1.654
  649   687 4.922
  650 12841 5.722
  651 22406 1.022
  652 29993 10.670
  653 16175 5.480
  654  8793 3.455
  655 17840 2.084
  656 10404 5.642
  657 16846 2.617
  658 11102 4.760
  659 12292 1.201
  660 15308 2.457
  661 15094 1.108
  662  3615 21.074
  663  9842 2.797
  664 12497 15.595
  665 21423 4.292
  666    35 1.112
  667 10602 2.756
  668 23761 1.772
  669    78 0.885
  670 27367 13.845
  671  7234 1.553
  672 26436 6.340
  673 11644 3.958
  674 13051 9.372
  675 28568 3.519
  676 11842 20.752
  677 24286 3.340
  678 11589 2.118
  679  8987 7.406
  680 19662 17.740
  681  1311 7.090
  682  6666 8.083
  683 15056 8.492
  684  8034 20.434
  685 27077 1.459
  686 36588 2.548
  687 17660 2.396
  688  8180 5.738
  689 11844 1.683
  690 32539 2.326
  691 18192 1.762
  692 36813 5.656
  693 13246 5.956
  694  6325 1.326
  695  8530 5.278
  696    12 2.466
  697  4530 3.352
  698 24884 1.742
  699 21629 1.670
  700 38740 2.830
  701  7231 6.124
  702 20912 5.555
  703  9499 2.206
  704  8198 2.361
  705 38218 2.306
  706 22336 3.197
  707 26616 0.965
  708  9421 2.557
  709 17523 5.634
  710 15306 3.069
  711 15317 1.488
  712 17380 5.748
  713 19811 5.797
  714  9488 6.152
  715 33818 2.443
  716 10014 2.018
  717 33894 3.035
  718 36662 3.865
  719 26539 2.403
  720 19939 1.319
  721  7684 10.931
  722 26053 1.177
  723 28565 16.544
  724 27710 2.574
  725 16620 1.600
  726 26064 2.591
  727  7247 10.276
  728 11242 18.979
  729  5765 3.755
  730  4589 6.686
  731  4550 1.878
  732 31993 7.346
  733 22670 20.810
  734  8699 18.096
  735 14311 1.400
  736 27915 1.297
  737 42842 6.115
  738 22220 1.341
  739 31768 9.400
  740 12136 3.385
  741 13109 3.711
  742 10236 7.174
  743  5711 7.395
  744 10703 12.109
  745 15970 3.283
  746  6201 1.939
  747 29551 4.887
  748 15916 2.868
  749 14823 3.580
  750  5538 2.610
  751 14863 1.426
  752 20814 2.776
  753 22638 1.619
  754 10568 1.994
  755 23698 4.436
  756  7755 3.686
  757  5768 4.487
  758 13271 3.942
  759 15537 3.841
  760 11737 1.961
  761  8138 3.006
  762  3392 2.750
  763  8501 1.158
  764 33723 20.597
  765 20737 2.565
  766 24788 2.899
  767 15839 1.068
  768 33522 2.900
  769  9112 1.781
  770 26733 1.172
  771 24838 8.945
  772  6688 3.585
  773 12922 5.132
  774 12820 1.423
  775 24134 3.763
  776  4014 2.285
  777  9795 4.038
  778  4199 1.687
  779 31186 10.392
  780 12680 4.837
  781 29158 7.709
  782 24217 3.630
  783 10096 1.719
  784 24477 1.756
  785 14192 1.449
  786 16962 3.406
  787 17804 4.192
  788 24014 21.089
  789 30719 5.417
  790 19880 15.254
  791 28645 20.840
  792 11565 6.149
  793 14289 1.614
  794 13416 1.357
  795  4748 3.607
  796 11184 3.895
  797 26903 3.167
  798 15179 1.266
  799 11102 1.750
  800 10243 9.939
  801 14610 3.505
  802 15277 3.619
  803 11416 1.647
  804 27155 8.235
  805 13630 8.968
  806 25692 3.394
  807 24544 2.971
  808  4569 6.968
  809 15052 1.862
  810  6640 17.678
  811 37559 3.431
  812    18 0.793
  813   300 2.195
  814  5681 1.409
  815 20554 14.229
  816  8574 4.165
  817 17016 5.508
  818 24394 1.321
  819 12757 3.041
  820 10026 3.789
  821 11589 1.600
  822 18713 2.843
  823  5680 7.636
  824 15554 6.941
  825  9293 2.886
  826 27826 7.462
  827 20562 3.752
  828 15082 5.356
  829 34572 20.640
  830 17764 2.861
  831 36499 2.976
  832 23438 9.399
  833  6614 1.248
  834 10610 1.732
  835  5151 2.770
  836 24723 3.917
  837 11842 2.506
  838  5838 3.584
  839 21149 1.469
  840 29587 2.867
  841 14786 12.139
  842 10540 1.127
  843 23853 2.162
  844 35251 2.724
  845 26722 1.181
  846 20534 1.064
  847  7853 5.231
  848 24116 4.195
  849  7096 8.541
  850  6278 2.654
  851 23497 2.994
  852  4454 2.219
  853  4400 0.934
  854 30125 7.505
  855 23444 2.370
  856 15281 9.073
  857 17922 2.549
  858 27016 3.463
  859 22696 1.883
  860 17798 4.138
  861 18398 8.105
  862  7479 0.820
  863 21287 12.901
  864 13630 1.180
  865 13568 1.034
  866 14306 6.394
  867 10728 0.770
  868 17132 2.405
  869 11915 4.767
  870 22748 3.990
  871 35246 5.143
  872 13179 15.439
  873 32831 1.532
  874  6235 2.983
  875  5018 1.858
  876  2018 1.017
  877 21466 17.344
  878  9448 5.491
  879 25823 4.189
  880  8975 6.670
  881 17587 3.271
  882 22715 0.617
  883 32339 1.826
  884  9696 3.856
  885  9767 1.928
  886 16017 4.420
  887 25127 7.510
  888  8303 1.569
  889 14091 11.998
  890 27044 2.922
  891 29412 2.916
  892 30485 9.485
  893 13099 3.575
  894 28591 1.744
  895 27520 2.822
  896  4363 2.168
  897  2321 17.528
  898 28919 14.007
  899  4193 7.477
  900  7649 1.973
  901 11724 1.910
  902 17243 1.098
  903  8634 1.129
  904 18808 6.114
  905 38530 1.605
  906 12564 11.378
  907 14435 20.222
  908 36784 1.973
  909 20440 4.449
  910 10400 7.937
  911 15837 2.800
  912 11880 1.083
  913  8014 3.090
  914 33341 6.104
  915 27997 4.068
  916 19116 5.347
  917 12979 7.135
  918 16688 0.598
  919  9879 0.518
  920  8545 1.983
  921 33688 2.758
  922  9100 0.835
  923 34049 1.376
  924 24042 5.334
  925  4677 2.983
  926 17753 1.204
  927 11042 1.447
  928 20060 1.424
  929 27488 1.241
  930 34695 5.761
  931 14622 3.709
  932    39 2.172
  933  8526 2.544
  934  9141 22.085
  935  6961 1.251
  936 34400 2.096
  937  6480 2.767
  938 16326 2.176
  939 19541 1.442
  940 21663 22.743
  941 10282 0.629
  942  8555 4.886
  943  5951 0.715
  944 10833 3.433
  945 18421 2.714
  946 13542 1.623
  947 14321 6.190
  948 12120 2.005
  949  6835 3.426
  950 11181 8.761
  951 27312 3.393
  952  4727 3.489
  953  7009 1.421
  954  7825 4.567
  955  5561 9.754
  956 25172 6.396
  957  2390 4.748
  958  5201 10.360
  959  4977 2.110
  960 11958 1.703
  961 12050 0.930
  962 30414 1.742
  963 13520 1.470
  964  3488 6.238
  965 19588 0.685
  966  5513 4.162
  967 12763 2.842
  968 12636 2.561
  969 10208 2.881
  970 10678 1.672
  971 10841 2.282
  972 16471 5.151
  973 13330 0.795
  974  9801 6.188
  975 28620 3.318
  976  1721 4.786
  977  9274 0.931
  978 14089 4.168
  979 12555 5.121
  980  9030 1.486
  981 23113 1.425
  982 22363 2.686
  983 28801 4.210
  984  3889 1.548
  985 13595 1.762
  986 34853 4.263
  987 29916 1.301
  988 36721 3.563
  989  2100 1.140
  990 11494 1.722
  991  5831 4.521
  992 14089 1.770
  993 28362 1.240
  994 17829 3.530
  995  9021 1.646
  996 22659 1.560
  997 17970 4.766
  998 21788 2.713
  999 26625 1.042
