    1  4694 1.207
    2 19720 3.526
    3 11950 1.824
    4  9411 0.820
    5  4528 2.442
    6  7563 3.055
    7  7975 1.781
    8 34316 6.042
    9  8060 2.410
   10   455 2.910
   11 16568 1.061
   12  4943 1.269
   13  3483 1.184
   14 18029 1.286
   15 22063 5.102
   16 20795 2.835
   17 24447 5.065
   18  5409 0.993
   19 41662 1.603
   20 17512 1.154
   21 21945 3.073
   22 18506 1.185
   23 19937 7.381
   24 14070 10.232
   25 11919 2.163
   26 15340 9.010
   27 37681 1.335
   28  1581 16.086
   29  4003 1.683
   30  9579 2.708
   31 18282 3.805
   32  6106 1.378
   33 29956 2.585
   34 18377 2.040
   35 29160 2.122
   36 15196 3.484
   37 35757 7.948
   38 14360 4.107
   39 23673 1.251
   40 13695 2.150
   41 12433 1.012
   42  5383 2.260
   43   801 16.010
   44 16499 1.362
   45 10255 11.683
   46  7105 1.659
   47 29071 1.573
   48 23238 3.200
   49 31155 3.069
   50 29673 0.814
   51    84 18.969
   52  5896 1.268
   53 27723 5.038
   54 17130 5.464
   55 10165 1.595
   56 35872 9.121
   57 19677 22.307
   58  8545 2.405
   59  7777 1.265
   60 14109 1.257
   61  7989 7.062
   62 17883 1.195
   63 23951 5.162
   64  1128 31.509
   65 20409 1.745
   66 17958 2.725
   67 25250 7.271
   68 15236 4.820
   69  8137 2.303
   70 37241 6.044
   71 21107 6.035
   72 16159 1.377
   73 22492 2.356
   74   166 40.166
   75 24106 1.886
   76 24900 2.708
   77    34 1.063
   78 17170 4.909
   79 30535 6.009
   80 19553 4.856
   81 23031 1.836
   82 25677 9.116
   83  6615 2.987
   84  9069 4.888
   85 10669 1.484
   86 13003 2.581
   87  3064 4.039
   88 11525 3.671
   89 34429 10.972
   90  1942 1.549
   91 18114 0.999
   92 25313 2.396
   93 21615 10.694
   94  3417 3.274
   95 10325 2.296
   96  6657 0.768
   97  4788 2.918
   98  7299 1.750
   99 12500 1.636
  100 20690 8.450
  101 11458 3.870
  102 18719 2.816
  103  7482 1.363
  104 16391 5.470
  105 37364 3.485
  106 14523 4.358
  107 16744 4.270
  108 19175 4.976
  109 28910 8.681
  110  7223 3.345
  111 35435 6.552
  112 10760 16.988
  113 22562 3.711
  114 11324 3.996
  115 11167 4.562
  116 24219 1.144
  117 26558 1.585
  118  6885 4.488
  119 30038 3.270
  120 23463 1.134
  121 26446 6.580
  122 14080 2.574
  123 15771 5.333
  124   203 0.917
  125 29241 3.227
  126 19149 1.216
  127 18190 3.539
  128  3935 2.383
  129 13336 1.378
  130 17400 1.209
  131  4728 2.306
  132 14311 1.460
  133 16473 8.932
  134 11464 10.257
  135 26322 1.463
  136  7338 1.637
  137 32208 2.029
  138 38063 11.522
  139  4220 3.125
  140 19073 1.380
  141 22100 2.652
  142  4146 1.919
  143 26589 3.870
  144 28310 4.507
  145  6373 3.364
  146  9282 1.839
  147 35578 1.923
  148 11138 3.423
  149  8750 1.005
  150  4781 4.308
  151 12507 3.021
  152  8904 1.147
  153 20398 4.982
  154 13437 0.883
  155 12247 2.275
  156  8573 1.963
  157 15661 2.936
  158 15017 4.057
  159  1807 4.803
  160  5201 5.773
  161 22238 1.707
  162 32259 1.802
  163 14269 1.292
  164 29117 5.806
  165 22258 1.654
  166  3694 7.492
  167 30788 2.679
  168 24544 5.295
  169 19861 19.612
  170  3976 6.360
  171 11791 4.340
  172  2702 4.915
  173  6152 4.232
  174 19171 4.654
  175 12539 8.511
  176  9994 2.354
  177 21708 3.989
  178  4254 1.108
  179  3211 33.644
  180 19846 14.514
  181  9390 1.982
  182 10311 8.518
  183 11024 4.955
  184 40378 2.338
  185  6809 4.053
  186 21274 1.097
  187  7564 3.814
  188 31859 4.766
  189 15507 11.298
  190 31081 1.409
  191 17527 1.196
  192 26382 1.194
  193 17165 2.444
  194  9514 2.902
  195 13432 4.059
  196 28993 1.404
  197 19087 3.109
  198 18722 4.818
  199  6942 1.736
  200 19684 2.919
  201 23572 2.134
  202 29516 1.843
  203 19567 3.315
  204  7304 2.319
  205  9175 1.699
  206  7721 2.282
  207  8456 13.313
  208  4512 2.968
  209  3624 1.947
  210  7588 2.909
  211 24900 2.200
  212 15050 1.320
  213 18880 6.276
  214 16099 5.607
  215  7577 1.312
  216  5910 5.484
  217 15426 7.234
  218 10487 1.278
  219 36681 4.826
  220 23300 3.337
  221 18917 4.490
  222  8565 5.449
  223 10662 1.702
  224  8040 1.566
  225 30323 4.489
  226 27629 1.839
  227  5238 3.015
  228  6596 2.811
  229 17482 1.338
  230 27428 2.852
  231  9761 4.773
  232  4240 3.199
  233 15295 3.653
  234  6271 3.169
  235 20186 2.121
  236 22327 4.013
  237 11939 7.724
  238 30811 3.840
  239 10046 6.789
  240 11077 2.153
  241  6665 0.989
  242  4198 19.070
  243 12884 1.211
  244 30929 5.538
  245 12701 0.897
  246 12537 14.039
  247 14665 2.819
  248 20431 4.389
  249 21553 3.367
  250     9 1.743
  251 10140 7.411
  252 14510 2.118
  253 24990 7.780
  254 15237 0.870
  255  9453 2.882
  256 19127 2.161
  257 29253 14.602
  258 15680 0.940
  259 27828 2.477
  260 23156 2.390
  261 12131 1.490
  262 15698 3.371
  263  4421 8.988
  264 10486 1.136
  265  5692 1.787
  266 18609 1.383
  267 12910 5.699
  268  3576 4.899
  269  2947 1.829
  270  7729 1.032
  271 17035 2.297
  272 13682 3.768
  273 12853 23.339
  274 14210 2.500
  275  2298 9.986
  276 10417 1.381
  277  7613 4.775
  278 35414 2.830
  279 32759 1.691
  280  7938 1.460
  281 17100 3.758
  282 22488 2.428
  283  3977 2.646
  284 18414 4.661
  285 15510 1.202
  286 16279 2.527
  287 13226 8.877
  288  9613 3.663
  289  3236 1.248
  290  1018 4.343
  291  5990 2.353
  292  7703 4.404
  293 21652 8.861
  294  8340 2.967
  295 16050 8.210
  296 17721 0.980
  297 25787 3.490
  298 32448 5.615
  299 23342 3.132
  300 27850 1.745
  301  5736 3.155
  302 11444 1.400
  303 27029 5.865
  304 13685 10.730
  305 10869 4.224
  306 19324 2.871
  307  5145 7.606
  308  7473 3.364
  309 15339 1.591
  310 31752 10.181
  311 11370 1.058
  312  3910 2.325
  313 17757 1.877
  314  3899 3.828
  315 39370 1.906
  316  6922 3.040
  317  4383 6.571
  318 17065 1.928
  319 18996 15.825
  320  8170 1.444
  321  7076 7.145
  322 18070 8.778
  323  6600 2.384
  324 28607 6.081
  325  7568 1.738
  326 32310 2.390
  327 14746 3.156
  328  9084 0.969
  329 32079 11.354
  330 28131 2.633
  331   709 15.029
  332 19066 1.741
  333  7673 1.055
  334 13698 1.317
  335 16219 4.729
  336 11169 1.224
  337 18773 1.846
  338 27873 1.545
  339  3191 1.820
  340   161 18.261
  341 37677 2.090
  342 21310 1.414
  343 24605 1.747
  344 14410 2.119
  345  8516 2.006
  346 14720 3.180
  347  1760 10.132
  348  7480 6.080
  349  7892 2.087
  350 13749 1.977
  351 32555 2.788
  352 11528 7.577
  353 24148 4.207
  354 10005 7.131
  355 23632 1.823
  356 13322 8.245
  357 19845 4.766
  358 15483 13.553
  359  9525 1.309
  360 13364 3.485
  361 19469 3.057
  362 42450 3.177
  363  6866 2.582
  364 21043 1.595
  365 14913 3.287
  366  2822 6.849
  367 23447 8.233
  368 17877 5.062
  369 13398 1.797
  370 15956 5.348
  371 17703 1.807
  372  6373 4.160
  373 21211 3.388
  374  2345 17.519
  375 16918 2.733
  376 19009 6.560
  377 12718 1.838
  378  5890 4.035
  379 17281 1.389
  380 15618 0.816
  381  9804 1.151
  382 28543 4.230
  383 16453 10.630
  384 27277 3.250
  385 10851 1.909
  386  8094 2.628
  387  4795 1.501
  388 22415 3.555
  389 10533 7.208
  390 17551 3.713
  391 12192 1.484
  392  5652 3.527
  393 11524 2.354
  394 26188 5.452
  395  8502 2.296
  396  8842 0.935
  397 31803 14.657
  398 28143 1.749
  399 13901 4.400
  400  9451 1.935
  401 20044 1.738
  402  2831 13.874
  403 12498 9.335
  404  8383 4.670
  405 14359 3.151
  406  1811 5.103
  407  7609 2.359
  408 20828 5.184
  409 20314 14.651
  410 12564 0.913
  411  7599 3.591
  412 16394 30.511
  413 28041 1.598
  414 14187 7.287
  415 10198 1.107
  416 24145 9.435
  417 13124 1.274
  418 10901 3.372
  419 19215 1.583
  420  8455 1.284
  421  9527 1.570
  422  9633 4.974
  423 14836 11.299
  424 26460 1.738
  425 24346 1.478
  426   558 5.275
  427 26264 9.460
  428 24532 3.945
  429  4577 0.836
  430  8974 1.053
  431 21588 1.177
  432 14022 2.606
  433 21617 1.496
  434 29528 5.471
  435  6580 1.328
  436 12661 4.310
  437 21518 2.533
  438 10765 3.532
  439  6800 1.670
  440 30063 9.156
  441  7666 4.769
  442 11531 2.118
  443 19874 3.116
  444 26724 6.034
  445  7555 2.617
  446 12201 3.030
  447 12611 3.845
  448 27950 1.897
  449  6263 1.420
  450 35160 8.259
  451   124 19.064
  452  8838 1.668
  453 10811 7.489
  454 13377 3.181
  455  7503 1.295
  456  4897 1.845
  457 22923 5.886
  458  6887 2.528
  459 36088 3.823
  460 24451 16.762
  461  4782 1.213
  462  7220 3.851
  463 21213 7.070
  464  8195 6.702
  465 32217 1.997
  466 15111 3.874
  467  4665 1.052
  468 36279 2.043
  469  5172 3.015
  470   382 21.615
  471 39599 11.647
  472 12472 1.422
  473 13834 5.369
  474 11531 2.346
  475 26700 17.066
  476 13813 2.479
  477 22080 1.917
  478 15545 2.075
  479 18004 2.421
  480 18573 5.432
  481  4332 2.867
  482 29776 1.403
  483 24346 3.642
  484 14984 2.901
  485 21094 1.413
  486 30196 3.521
  487 15171 1.743
  488    19 1.670
  489 45436 5.244
  490  6780 4.366
  491  4272 9.897
  492 17478 3.548
  493    52 8.983
  494 11483 4.547
  495 26940 5.355
  496 27096 3.444
  497  1649 1.341
  498 38404 10.562
  499  3750 4.092
  500 11898 5.557
  501 14004 5.356
  502 19589 1.382
  503 13068 1.800
  504 21655 1.869
  505 16270 2.001
  506 15164 1.659
  507 36174 1.606
  508 28809 1.681
  509  9277 4.137
  510 26514 6.880
  511 11966 1.083
  512 28858 8.509
  513  6565 4.483
  514 21016 2.512
  515  4716 1.582
  516 32684 2.323
  517 36104 4.414
  518  5413 1.732
  519 11220 3.062
  520 28199 7.773
  521 19016 0.842
  522 21170 1.469
  523 38628 4.610
  524 27545 4.369
  525  9190 1.389
  526 13787 8.930
  527 21956 2.159
  528 11507 2.400
  529 11647 1.243
  530 14444 1.254
  531 11771 0.934
  532  5472 2.385
  533 28662 3.751
  534 15629 1.829
  535 12977 1.136
  536 15616 3.551
  537  6407 2.833
  538   856 7.396
  539 16150 1.980
  540 14006 2.439
  541 17045 14.650
  542 18484 6.030
  543 13226 10.512
  544  9230 3.926
  545 38168 1.793
  546 34265 11.060
  547 17088 1.864
  548 19934 16.088
  549 11892 1.091
  550  8680 1.629
  551 25062 15.996
  552  7958 1.834
  553 12710 9.342
  554 20606 5.471
  555  9851 1.566
  556 13504 4.868
  557 24323 3.243
  558 10109 9.299
  559 12647 2.269
  560 15065 1.388
  561 21732 1.989
  562  7403 1.514
  563 34973 3.252
  564  2968 1.960
  565 11978 1.675
  566 12005 0.810
  567  8073 1.414
  568 36981 1.703
  569 27689 7.979
  570 19745 1.379
  571 28748 6.790
  572 17727 1.953
  573 36289 2.262
  574 11743 0.828
  575 31677 1.972
  576 25099 10.068
  577 31366 6.192
  578 19457 5.222
  579  4992 3.416
  580 15787 9.926
  581 21270 5.562
  582 17231 1.628
  583    22 3.749
  584 12752 1.356
  585 32391 10.406
  586 14222 19.433
  587  6289 1.357
  588 22470 0.971
  589 12092 1.170
  590 25551 3.108
  591  9489 2.826
  592  8073 3.310
  593 17121 4.614
  594  9421 1.916
  595  9494 3.151
  596 21090 2.426
  597 32729 11.974
  598 10853 4.294
  599 15172 5.592
  600 13841 3.199
  601  7207 1.018
  602 15137 1.691
  603  9419 6.259
  604 24620 2.815
  605  7261 2.731
  606 42023 3.467
  607  6017 2.880
  608 14277 4.505
  609  5921 1.810
  610 24539 1.084
  611 30949 2.485
  612 18956 5.006
  613 36214 3.286
  614 15013 2.118
  615 21368 10.504
  616  5656 2.634
  617 28386 4.148
  618 11875 1.425
  619  7558 3.848
  620 17659 4.407
  621 19878 11.408
  622 20371 4.296
  623 22346 6.748
  624 32981 4.406
  625 22073 1.890
  626  8489 4.997
  627 25956 3.243
  628 27351 12.856
  629 11945 3.719
  630 12496 2.912
  631 38346 5.116
  632 11763 0.925
  633  5074 6.563
  634  9596 5.701
  635 15122 6.337
  636 13550 3.778
  637    72 7.681
  638  3699 1.060
  639 34982 1.491
  640 21267 4.563
  641 21532 1.191
  642  6789 0.843
  643 34255 10.503
  644 27246 1.328
  645 24250 4.395
  646 39073 7.027
  647  7418 2.335
  648  7173 1.812
  649   705 9.590
  650 12645 5.677
  651 22406 0.926
  652 30641 5.658
  653 16636 5.180
  654  8790 3.579
  655 17868 2.879
  656 11107 6.823
  657 16846 2.220
  658 11904 2.586
  659 12321 1.688
  660 15308 1.565
  661 15120 0.988
  662  3666 36.566
  663  9842 2.207
  664 14016 5.140
  665 21445 5.263
  666    56 10.320
  667 11000 3.379
  668 24587 1.767
  669  1969 2.065
  670 27539 7.288
  671  7221 1.253
  672 26320 5.427
  673 11687 3.430
  674 13137 6.513
  675 28919 4.389
  676 12921 14.755
  677 24315 4.586
  678 11589 1.885
  679  9250 6.981
  680 19874 17.457
  681  1639 3.640
  682  6855 3.747
  683 16007 6.256
  684  8624 13.769
  685 27077 1.250
  686 36871 2.175
  687 17665 2.228
  688  8443 8.915
  689 11841 1.094
  690 32519 1.943
  691 18187 1.499
  692 37014 4.360
  693 13477 4.243
  694  6385 1.896
  695  9393 4.457
  696    12 16.217
  697  4523 2.835
  698 24880 1.655
  699 21610 1.369
  700 38992 2.825
  701  7548 5.094
  702 21685 7.102
  703  9729 2.040
  704  8296 2.103
  705 38261 2.341
  706 22590 1.533
  707 26615 0.958
  708  9477 2.549
  709 17747 5.982
  710 15306 2.389
  711 15403 1.658
  712 17392 2.414
  713 20261 7.399
  714  9466 9.359
  715 33830 2.385
  716 10024 2.038
  717 34263 2.482
  718 37002 1.935
  719 26539 2.194
  720 19970 0.957
  721  8153 9.499
  722 26097 1.181
  723 28761 9.795
  724 27790 3.114
  725 16600 1.872
  726 26170 3.458
  727  7233 25.711
  728 11636 7.021
  729  6009 3.054
  730  6745 11.579
  731  4548 2.390
  732 32029 8.508
  733 24124 24.792
  734  9221 12.056
  735 14313 0.791
  736 27915 1.378
  737 42892 8.805
  738 22221 1.092
  739 31912 6.136
  740 11727 4.463
  741 13132 3.557
  742 10153 4.906
  743  5813 5.125
  744 11993 11.463
  745 15981 3.848
  746  6201 1.364
  747 29640 7.379
  748 15926 2.515
  749 14977 3.420
  750  5587 4.866
  751 14863 1.266
  752 20802 2.644
  753 22659 1.460
  754 10616 2.380
  755 25358 9.766
  756  7793 3.740
  757  6299 3.977
  758 13437 2.206
  759 15841 3.547
  760 11748 1.940
  761  8201 4.745
  762  3364 3.133
  763  8507 1.201
  764 33605 6.521
  765 20854 1.846
  766 24916 4.625
  767 15839 0.970
  768 33731 2.840
  769  9232 1.399
  770 26818 0.947
  771 24193 5.159
  772  6755 3.857
  773 12887 9.055
  774 12820 1.140
  775 24188 4.651
  776  4028 1.898
  777 10196 3.411
  778  4324 1.270
  779 31524 11.982
  780 12556 4.228
  781 30355 8.763
  782 24472 2.207
  783 10093 1.592
  784 24655 1.985
  785 14192 1.318
  786 17223 2.978
  787 17559 4.572
  788 23778 23.478
  789 30771 6.363
  790 19935 4.397
  791 33905 33.008
  792 11826 1.726
  793 14297 1.142
  794 13632 1.185
  795  4946 3.598
  796 11520 3.754
  797 26922 1.209
  798 15224 1.918
  799 11207 1.468
  800 10349 3.388
  801 14594 3.786
  802 15331 3.187
  803 11561 1.412
  804 27127 15.419
  805 13727 7.694
  806 25728 3.084
  807 24610 3.891
  808  4853 5.766
  809 15066 3.590
  810  8344 20.813
  811 37594 4.623
  812    18 2.618
  813   577 3.059
  814  5683 1.581
  815 20754 13.096
  816  8697 2.170
  817 17345 1.549
  818 24430 0.948
  819 13545 1.838
  820 10252 2.614
  821 11593 1.286
  822 18743 3.516
  823  5774 7.630
  824 15593 6.008
  825  9580 1.978
  826 28667 4.229
  827 20884 5.114
  828 15352 5.689
  829 34948 9.932
  830 17843 4.598
  831 36513 5.099
  832 25238 11.352
  833  6617 1.202
  834 10636 2.254
  835  5153 1.825
  836 24812 4.402
  837 11973 2.173
  838  5695 9.839
  839 21158 2.022
  840 30544 2.934
  841 14970 4.969
  842 10540 1.288
  843 24665 1.654
  844 34923 2.932
  845 26722 1.222
  846 20528 1.391
  847  7818 5.265
  848 24097 2.448
  849  7767 2.668
  850  6288 2.231
  851 23507 2.251
  852  4661 1.762
  853  4400 1.009
  854 30138 8.321
  855 23576 1.372
  856 15525 5.159
  857 18066 2.979
  858 26256 4.466
  859 22696 1.780
  860 17879 3.385
  861 18596 6.853
  862  7460 0.779
  863 21844 7.499
  864 13635 1.361
  865 13616 2.299
  866 14523 1.851
  867 10739 1.075
  868 17147 2.863
  869 12512 6.528
  870 22790 4.985
  871 35242 5.679
  872 13197 5.142
  873 32942 1.791
  874  6321 3.425
  875  4997 2.305
  876  2018 2.198
  877 21877 8.176
  878  9809 2.581
  879 25781 4.928
  880  9249 8.619
  881 17716 2.438
  882 22715 0.936
  883 32434 1.333
  884 10055 2.464
  885  9698 2.091
  886 16168 4.350
  887 25747 11.218
  888  8303 1.509
  889 15680 28.659
  890 27145 2.347
  891 29651 3.588
  892 30761 14.555
  893 13401 1.771
  894 28864 1.513
  895 27534 2.532
  896  4435 1.557
  897  2379 3.441
  898 29289 4.116
  899  4262 2.746
  900  7705 2.546
  901 11832 0.862
  902 17355 0.798
  903  9149 1.235
  904 19138 4.217
  905 38675 2.672
  906 13198 11.232
  907 14704 18.982
  908 36784 1.815
  909 20609 1.997
  910 10689 7.603
  911 16189 3.755
  912 11968 0.671
  913  8119 1.361
  914 33531 2.256
  915 28355 2.533
  916 19146 6.284
  917 13079 1.052
  918 16688 0.507
  919  9889 0.377
  920  8763 1.195
  921 33833 2.510
  922  9101 0.785
  923 33936 1.391
  924 24294 4.408
  925  4762 2.180
  926 17767 1.272
  927 11050 1.391
  928 20060 2.523
  929 27518 1.411
  930 34831 6.833
  931 15009 5.515
  932    39 2.734
  933  8547 2.119
  934 10283 30.900
  935  7008 0.986
  936 34453 1.394
  937  6543 3.449
  938 16166 0.892
  939 19665 0.689
  940 23043 4.508
  941 10282 0.436
  942  9205 1.809
  943  5951 0.586
  944 10958 2.260
  945 18551 4.357
  946 13841 1.036
  947 14635 3.096
  948 12174 1.524
  949  6884 2.207
  950 11559 2.927
  951 27284 3.595
  952  4674 1.588
  953  7078 2.595
  954  7881 3.007
  955  5806 6.712
  956 25271 7.621
  957  2408 8.567
  958  5471 7.628
  959  4806 1.438
  960 12108 0.776
  961 12030 0.501
  962 30482 1.624
  963 13583 1.130
  964  4125 1.882
  965 19600 0.525
  966  6640 7.311
  967 12865 1.326
  968 12769 1.291
  969 10392 3.962
  970 10684 2.195
  971 10897 2.744
  972 16922 2.055
  973 13330 0.585
  974  9815 6.460
  975 28642 2.625
  976  1714 2.638
  977  9274 0.455
  978 14106 2.587
  979 12471 5.186
  980  9190 1.621
  981 23111 0.964
  982 22418 1.572
  983 28821 3.674
  984  3745 0.718
  985 13585 1.246
  986 35071 2.075
  987 29916 1.515
  988 37252 1.907
  989  1826 1.213
  990 11515 0.998
  991  5838 3.601
  992 14268 0.902
  993 28368 1.224
  994 18021 3.207
  995  9021 1.537
  996 22659 1.042
  997 18211 3.544
  998 22224 3.629
  999 26579 0.729
