   1 4623.000 1.039
   2 18173.000 8.633
   3 11094.000 1.467
   4 9319.000 0.849
   5 4438.000 2.435
   6 7207.000 1.450
   7 8125.000 1.723
   8 34465.000 4.744
   9 7760.000 6.621
  10 207.000 1.406
  11 16490.000 0.949
  12 4830.000 1.562
  13 3347.000 0.863
  14 17942.000 1.305
  15 21142.000 8.924
  16 20318.000 16.758
  17 23490.000 2.156
  18 5187.000 1.112
  19 41586.000 1.548
  20 17350.000 1.193
  21 21648.000 5.133
  22 18274.000 1.696
  23 18939.000 19.009
  24 11157.000 7.560
  25 11618.000 4.441
  26 14065.000 20.386
  27 37511.000 1.376
  28 13.000 1.920
  29 3829.000 1.512
  30 9412.000 2.567
  31 17965.000 6.563
  32 6009.000 2.571
  33 29597.000 1.049
  34 17986.000 1.790
  35 28559.000 5.640
  36 13333.000 12.556
  37 33158.000 7.598
  38 12501.000 8.865
  39 23108.000 3.909
  40 13163.000 2.792
  41 12353.000 0.713
  42 4443.000 1.453
  43 544.000 2.878
  44 16184.000 2.018
  45 7962.000 21.431
  46 6994.000 3.588
  47 28519.000 6.281
  48 23111.000 2.402
  49 30605.000 4.921
  50 29383.000 1.000
  51 14.000 1.526
  52 5745.000 1.940
  53 26419.000 1.462
  54 16108.000 2.804
  55 10056.000 2.361
  56 34777.000 63.440
  57 17605.000 18.394
  58 8450.000 3.111
  59 6815.000 1.300
  60 13980.000 1.824
  61 7734.000 5.689
  62 17844.000 1.012
  63 23763.000 5.743
  64 68.000 20.014
  65 19951.000 1.889
  66 17635.000 2.258
  67 24946.000 7.300
  68 14362.000 2.834
  69 7681.000 2.252
  70 36811.000 10.295
  71 20814.000 5.171
  72 15960.000 2.702
  73 22432.000 1.211
  74 17.000 1.410
  75 24001.000 4.165
  76 24931.000 4.796
  77 12.000 0.883
  78 16596.000 2.131
  79 29436.000 19.435
  80 1000.000 1.155
  81 23027.000 2.944
  82 25858.000 5.849
  83 5613.000 24.579
  84 7385.000 5.652
  85 10594.000 1.653
  86 12112.000 2.973
  87 1872.000 5.963
  88 11442.000 2.382
  89 33113.000 54.960
  90 1848.000 2.285
  91 18031.000 1.374
  92 23811.000 5.774
  93 20259.000 9.016
  94 3198.000 2.531
  95 10050.000 3.960
  96 6545.000 1.405
  97 4576.000 2.000
  98 7125.000 3.326
  99 12206.000 4.178
 100 20591.000 22.149
 101 11045.000 5.653
 102 18232.000 2.254
 103 7333.000 2.010
 104 15988.000 3.585
 105 36877.000 6.582
 106 14248.000 3.430
 107 15977.000 5.605
 108 18760.000 19.781
 109 27734.000 7.597
 110 5931.000 3.209
 111 35653.000 6.125
 112 10659.000 10.579
 113 22369.000 9.331
 114 10009.000 4.514
 115 11049.000 1.746
 116 24177.000 0.923
 117 26161.000 2.802
 118 6672.000 3.039
 119 29799.000 6.520
 120 23403.000 1.123
 121 26275.000 3.949
 122 13889.000 9.682
 123 15450.000 14.921
 124 199.000 0.804
 125 27815.000 28.673
 126 18909.000 1.617
 127 0.000 1.021
 128 3588.000 9.590
 129 12999.000 4.075
 130 17216.000 2.168
 131 4271.000 2.478
 132 14173.000 5.511
 133 15289.000 5.560
 134 11294.000 8.548
 135 26225.000 1.399
 136 7295.000 2.580
 137 31706.000 3.534
 138 35975.000 35.751
 139 3273.000 9.519
 140 18646.000 1.916
 141 21628.000 6.192
 142 3889.000 2.963
 143 26084.000 8.330
 144 27619.000 9.099
 145 5329.000 2.290
 146 8773.000 10.517
 147 35278.000 8.854
 148 10972.000 4.838
 149 8548.000 2.536
 150 4263.000 8.307
 151 11087.000 1.118
 152 8742.000 1.767
 153 19802.000 13.668
 154 13116.000 0.928
 155 12134.000 1.251
 156 8046.000 2.474
 157 15233.000 1.678
 158 14371.000 2.425
 159 742.000 32.807
 160 4771.000 2.279
 161 21976.000 1.662
 162 31989.000 2.103
 163 14146.000 1.891
 164 28232.000 7.527
 165 21900.000 2.793
 166 1578.000 10.550
 167 30111.000 4.593
 168 24270.000 7.397
 169 18710.000 19.677
 170 3437.000 0.877
 171 11408.000 14.304
 172 0.000 0.964
 173 6022.000 6.532
 174 18306.000 11.223
 175 11522.000 2.544
 176 9395.000 1.713
 177 21313.000 3.510
 178 4044.000 1.152
 179 1726.000 13.042
 180 19041.000 23.966
 181 7285.000 1.152
 182 9936.000 6.505
 183 10882.000 3.847
 184 39897.000 4.963
 185 6292.000 10.452
 186 21098.000 2.864
 187 7658.000 1.621
 188 31508.000 11.421
 189 14261.000 10.277
 190 30625.000 1.611
 191 16566.000 5.404
 192 26233.000 1.566
 193 16984.000 2.437
 194 8927.000 11.273
 195 12327.000 0.616
 196 28786.000 1.675
 197 18503.000 4.146
 198 17564.000 2.673
 199 6830.000 4.873
