    1  4682 1.124
    2 19705 3.276
    3 11896 1.761
    4  9411 0.796
    5  4496 2.886
    6  7563 3.170
    7  7299 2.712
    8 34181 5.972
    9  8061 1.911
   10   500 10.034
   11 16591 1.260
   12  4943 1.653
   13  3485 1.581
   14 17993 1.051
   15 22066 6.022
   16 20774 3.527
   17 24492 4.524
   18  5409 0.860
   19 41565 1.484
   20 17528 1.242
   21 21940 3.033
   22 18524 1.392
   23 19805 8.014
   24 13829 10.919
   25 11928 1.908
   26 15234 12.713
   27 37597 1.776
   28  2000 25.147
   29  3995 1.889
   30  9576 2.173
   31 18270 3.747
   32  6101 1.319
   33 29958 2.725
   34 18349 1.914
   35 29174 2.125
   36 15177 3.745
   37 35249 9.821
   38 14373 3.690
   39 23673 1.168
   40 13824 2.376
   41 12433 0.913
   42  5502 2.737
   43   857 20.325
   44 16550 1.557
   45 10255 10.687
   46  7102 2.090
   47 29053 1.665
   48 23220 3.334
   49 31064 3.651
   50 29586 0.762
   51    72 27.130
   52  5874 1.319
   53 27766 5.989
   54 17172 4.983
   55 10159 1.856
   56 35572 8.282
   57 19585 18.511
   58  8545 2.843
   59  7777 1.327
   60 14109 1.252
   61  8001 5.198
   62 17940 1.671
   63 24263 7.177
   64  1516 21.515
   65 20395 2.032
   66 18038 2.620
   67 25084 7.924
   68 15456 4.744
   69  8141 2.365
   70 37702 11.536
   71 21073 4.625
   72 16166 1.530
   73 22482 2.424
   74   138 59.854
   75 24027 1.386
   76 24820 3.032
   77    14 0.707
   78 17170 5.078
   79 30517 6.390
   80 20949 5.940
   81 23015 1.638
   82 27138 15.834
   83  6606 2.737
   84  9070 5.391
   85 10416 2.143
   86 12989 2.823
   87  3047 4.029
   88 11384 2.472
   89 34362 12.426
   90  1884 2.514
   91 18114 1.033
   92 25440 2.210
   93 21512 12.317
   94  3419 2.400
   95 10247 2.761
   96  6657 0.870
   97  4783 3.003
   98  7316 1.606
   99 12497 1.873
  100 20783 7.082
  101 11452 3.638
  102 18679 3.644
  103  7471 1.354
  104 16308 6.679
  105 37369 3.255
  106 14524 4.780
  107 16696 4.738
  108 19078 5.002
  109 28980 9.415
  110  7291 4.397
  111 35384 6.698
  112 10774 18.229
  113 22530 4.246
  114 11357 3.108
  115 11153 4.414
  116 24219 1.027
  117 26556 1.271
  118  6873 5.028
  119 30030 3.860
  120 23463 1.107
  121 26511 6.119
  122 14010 2.201
  123 15239 5.768
  124   203 0.759
  125 29246 3.690
  126 19149 1.261
  127 18242 5.101
  128  3921 3.810
  129 13316 1.638
  130 17401 1.484
  131  4423 2.865
  132 14303 1.982
  133 16482 9.250
  134 13815 16.031
  135 26291 1.370
  136  7362 1.987
  137 32208 2.647
  138 38007 11.399
  139  4201 3.416
  140 19073 1.314
  141 22123 2.941
  142  4157 1.877
  143 26688 3.410
  144 28292 5.363
  145  6420 3.650
  146  9258 1.774
  147 35242 2.286
  148 11135 3.530
  149  8744 1.118
  150  4644 5.325
  151 12317 5.246
  152  8889 1.108
  153 20398 4.786
  154 13458 0.914
  155 12130 2.718
  156  8555 2.369
  157 15655 3.458
  158 15075 5.554
  159   786 5.352
  160  5165 5.903
  161 22159 1.783
  162 32237 1.667
  163 14269 1.414
  164 29105 6.047
  165 22258 1.634
  166  3779 8.307
  167 30637 3.331
  168 24544 5.726
  169 20118 14.925
  170  5143 2.507
  171 11800 4.713
  172  3845 5.005
  173  6173 3.117
  174 19176 4.917
  175 12865 11.754
  176  9933 2.508
  177 21708 4.103
  178  4207 0.979
  179  3186 31.575
  180 19866 15.466
  181 10930 2.985
  182 10822 10.157
  183 11004 3.664
  184 40337 3.999
  185  6830 3.764
  186 21274 1.044
  187  7575 4.206
  188 31877 5.300
  189 15458 12.205
  190 31081 1.135
  191 17469 1.218
  192 26356 1.024
  193 17292 2.872
  194  9494 14.673
  195 13345 4.224
  196 28950 1.318
  197 19129 3.487
  198 18616 4.686
  199  6915 1.621
  200 19739 3.513
  201 23584 2.585
  202 29468 1.904
  203 19495 3.259
  204  7287 2.864
  205  9168 1.579
  206  7659 1.564
  207  8446 12.987
  208  4466 4.126
  209  3394 1.977
  210  7555 3.559
  211 24885 2.887
  212 15050 1.749
  213 19063 6.649
  214 16078 8.079
  215  7587 1.592
  216  5931 5.665
  217 15441 7.832
  218 10512 1.122
  219 36681 5.240
  220 23293 3.760
  221 19213 4.977
  222  8280 7.479
  223 10502 2.106
  224  8030 1.817
  225 30465 5.266
  226 27572 1.795
  227  5247 3.309
  228  6609 2.784
  229 17482 1.134
  230 27392 3.346
  231  9441 7.980
  232  4238 2.607
  233 15334 3.399
  234  5815 3.293
  235 19998 2.192
  236 22342 4.524
  237 12416 8.171
  238 30798 3.996
  239  9266 8.589
  240 11090 2.225
  241  6672 1.034
  242  4450 34.100
  243 12758 1.203
  244 31010 5.530
  245 12701 0.842
  246 11913 14.628
  247 14492 2.920
  248 20320 4.666
  249 21553 3.942
  250     9 1.696
  251 10070 8.719
  252 14432 2.476
  253 24554 8.828
  254 15237 0.856
  255  9466 3.123
  256 19172 2.502
  257 28340 12.500
  258 15680 1.264
  259 27752 3.266
  260 23144 2.385
  261 12066 1.742
  262 15958 4.094
  263  4235 10.827
  264 10486 1.151
  265  5713 1.709
  266 18609 1.643
  267 13047 5.779
  268  3628 8.396
  269  2942 1.862
  270  7712 1.153
  271 17032 2.258
  272 13857 5.125
  273 14352 40.423
  274 14207 2.272
  275  2428 11.170
  276 10417 1.349
  277  7463 4.860
  278 35417 3.150
  279 32745 1.975
  280  7966 1.638
  281 17344 4.153
  282 23138 2.439
  283  3979 2.552
  284 18500 3.851
  285 15525 1.377
  286 16201 2.851
  287 13209 12.303
  288  9707 3.481
  289  3228 1.373
  290  1018 6.549
  291  5997 2.372
  292  7734 2.299
  293 21535 10.399
  294  8306 2.718
  295 16836 10.092
  296 17721 1.070
  297 25735 3.316
  298 32433 5.226
  299 23330 3.598
  300 27850 1.650
  301  5721 2.941
  302 11357 1.543
  303 26503 5.216
  304 13600 10.782
  305 10880 3.831
  306 19640 2.634
  307  5115 6.973
  308  7441 3.634
  309 15325 1.654
  310 31521 10.984
  311 11370 1.454
  312  4177 3.413
  313 17757 2.340
  314  4342 9.968
  315 39391 2.329
  316  7069 3.625
  317  4372 6.594
  318 17136 1.324
  319 18893 13.511
  320  8180 1.571
  321  7105 8.290
  322 18117 10.218
  323  6703 2.744
  324 28643 6.232
  325  7348 1.537
  326 32343 2.681
  327 14402 3.737
  328  9073 0.918
  329 32076 9.403
  330 28073 3.220
  331   752 15.979
  332 19046 1.971
  333  7673 1.418
  334 13672 1.480
  335 16116 5.684
  336 11160 1.300
  337 18758 1.983
  338 27873 1.418
  339  3191 1.847
  340   178 30.317
  341 37669 2.229
  342 21369 1.856
  343 24598 1.645
  344 14410 2.240
  345  8516 1.780
  346 14601 3.240
  347  2995 4.769
  348  7355 6.575
  349  7867 2.592
  350 13739 1.853
  351 32537 3.206
  352 11527 9.249
  353 24180 4.301
  354  9710 10.504
  355 23632 1.903
  356 13379 7.623
  357 19847 5.375
  358 15467 16.700
  359  9485 1.365
  360 13334 3.367
  361 19421 2.764
  362 42414 3.965
  363  6854 2.684
  364 20866 1.532
  365 14451 3.985
  366  2782 7.424
  367 23386 6.214
  368 17925 3.916
  369 13375 2.014
  370 15869 3.650
  371 17673 2.231
  372  6402 4.236
  373 21419 4.359
  374  2335 19.941
  375 16884 3.082
  376 19179 7.942
  377 12706 1.802
  378  5931 3.631
  379 17281 1.295
  380 15618 0.816
  381  9804 1.028
  382 28550 4.550
  383 16609 14.260
  384 27271 3.729
  385 11086 2.105
  386  8108 3.309
  387  4802 2.261
  388 22421 3.433
  389 10352 9.298
  390 17606 3.342
  391 12187 1.364
  392  5605 4.060
  393 11500 2.959
  394 26170 2.583
  395  8540 2.125
  396  8807 1.031
  397 31834 17.407
  398 28135 2.273
  399 13832 3.038
  400  9402 2.071
  401 20044 1.697
  402  2988 27.204
  403 12514 10.639
  404  8198 3.160
  405 14358 3.427
  406  1841 3.773
  407  7461 2.479
  408 20814 7.960
  409 20274 17.119
  410 12564 1.097
  411  7542 1.686
  412 16785 25.151
  413 28041 1.782
  414 15189 11.348
  415 10198 1.278
  416 25150 10.002
  417 13116 1.316
  418 10911 4.049
  419 19190 1.805
  420  8455 1.602
  421  9467 1.370
  422  9619 5.016
  423 14791 12.644
  424 26342 1.814
  425 24346 1.592
  426   562 5.504
  427 26216 10.872
  428 24471 4.302
  429  4540 1.108
  430  8850 1.878
  431 21572 1.642
  432 13690 4.458
  433 21617 1.759
  434 29552 6.780
  435  6580 1.310
  436 13003 7.238
  437 21518 2.837
  438 10779 3.248
  439  6667 2.360
  440 29963 10.371
  441  7658 4.592
  442 11511 2.153
  443 19760 3.409
  444 26704 6.219
  445  7663 2.780
  446 12229 2.569
  447 12762 3.399
  448 27919 2.001
  449  6263 1.521
  450 35110 9.879
  451   124 22.512
  452  8851 1.826
  453 10749 8.597
  454 13404 3.766
  455  7503 1.344
  456  4886 1.790
  457 22970 8.764
  458  6899 2.715
  459 35875 5.872
  460 24545 11.526
  461  4686 1.515
  462  7210 4.624
  463 21245 8.233
  464  8185 7.064
  465 32218 2.155
  466 15104 4.589
  467  4657 1.175
  468 36258 2.869
  469  5167 3.039
  470   513 20.422
  471 39451 9.191
  472 12465 1.518
  473 13436 5.492
  474 11572 2.366
  475 26689 19.130
  476 13760 2.513
  477 22020 2.211
  478 15350 2.244
  479 17914 2.981
  480 18564 5.308
  481  3903 2.958
  482 29794 1.610
  483 24290 3.756
  484 14968 2.872
  485 21094 1.309
  486 30161 4.475
  487 15186 1.947
  488    19 2.157
  489 45472 5.732
  490  6770 3.915
  491  4197 9.400
  492 17324 3.971
  493    52 12.581
  494 11506 3.538
  495 26942 4.982
  496 27098 3.833
  497  1649 1.100
  498 37953 14.530
  499  3698 3.638
  500 11675 7.156
  501 13865 5.826
  502 19564 2.048
  503 13054 1.887
  504 21655 1.970
  505 16266 2.413
  506 15175 1.867
  507 36174 1.981
  508 28960 1.816
  509  8355 5.231
  510 26411 7.892
  511 11828 1.263
  512 28636 8.562
  513  6565 4.884
  514 21007 2.500
  515  4711 1.599
  516 32720 2.931
  517 36718 5.119
  518  5402 2.522
  519 11190 3.206
  520 28208 8.311
  521 19016 0.839
  522 21170 1.369
  523 38640 5.320
  524 27412 5.429
  525  9191 1.442
  526 13795 9.256
  527 21956 2.577
  528 11429 2.937
  529 11651 1.245
  530 14368 1.422
  531 11730 1.220
  532  5463 2.578
  533 28470 3.701
  534 15646 1.701
  535 12977 1.399
  536 15564 4.129
  537  6419 2.330
  538   293 6.349
  539 16052 2.896
  540 14097 1.695
  541 17310 14.276
  542 18471 6.859
  543 13306 12.070
  544  9286 3.986
  545 38157 1.957
  546 34209 7.356
  547 17007 2.047
  548 20059 20.383
  549 11892 0.890
  550  8762 1.376
  551 25059 15.933
  552  7950 1.831
  553 12628 9.002
  554 20603 5.798
  555  9862 1.984
  556 13519 5.650
  557 24337 2.445
  558 10037 10.632
  559 12647 2.562
  560 15117 1.636
  561 21732 2.942
  562  7408 1.638
  563 34973 3.282
  564  2970 1.985
  565 11951 1.931
  566 12005 1.091
  567  8073 1.781
  568 36981 1.867
  569 27566 9.622
  570 19630 1.185
  571 28689 6.904
  572 17719 2.350
  573 36242 2.533
  574 11730 0.965
  575 31677 2.093
  576 25148 12.529
  577 30956 7.431
  578 19491 5.209
  579  4991 3.593
  580 15723 13.406
  581 21270 6.292
  582 17235 1.832
  583    22 4.089
  584 12592 1.883
  585 32379 10.840
  586 14024 17.770
  587  6273 1.516
  588 22470 1.115
  589 12092 1.082
  590 25591 3.182
  591  9465 4.336
  592  8026 3.316
  593 17352 5.193
  594  9137 2.228
  595  9461 1.477
  596 21103 2.934
  597 32402 10.136
  598 10787 4.354
  599 15170 5.528
  600 13821 3.150
  601  7207 0.855
  602 15116 1.844
  603  9577 6.046
  604 24432 3.505
  605  7224 4.689
  606 42023 4.758
  607  5783 2.396
  608 14259 4.835
  609  6089 3.220
  610 24539 1.004
  611 30967 2.639
  612 18548 5.591
  613 36218 3.426
  614 15029 2.376
  615 21118 10.552
  616  5568 2.447
  617 27734 4.462
  618 11857 1.356
  619  7558 4.940
  620 17638 5.223
  621 19127 11.952
  622 20344 4.561
  623 22413 6.981
  624 32975 4.919
  625 22073 2.887
  626  8507 5.289
  627 25752 2.863
  628 27354 14.896
  629 11933 3.737
  630 12496 3.026
  631 37405 6.490
  632 11763 0.856
  633  5091 5.257
  634  9582 5.717
  635 14546 7.875
  636 13620 5.699
  637    72 8.315
  638  3699 1.332
  639 34999 1.311
  640 21161 5.213
  641 21530 1.585
  642  6789 1.029
  643 34202 10.620
  644 27254 1.635
  645 24232 4.980
  646 38894 8.969
  647  7411 2.270
  648  7207 2.077
  649   619 23.739
  650 13637 9.412
  651 22416 1.035
  652 30612 6.009
  653 16622 5.367
  654  8795 3.650
  655 17861 3.494
  656 11626 6.371
  657 16840 2.048
  658 11241 3.428
  659 12310 1.665
  660 15296 1.632
  661 15120 1.005
  662  3534 28.341
  663  9839 2.404
  664 13850 8.017
  665 21440 5.909
  666    29 1.196
  667 11045 3.879
  668 24993 1.903
  669  2046 4.681
  670 27688 7.949
  671  7230 1.200
  672 26210 5.538
  673 12497 5.273
  674 13202 6.874
  675 28918 4.469
  676 12898 7.471
  677 24232 3.330
  678 11589 1.869
  679  9219 5.657
  680 19218 21.960
  681  1386 4.553
  682  6819 4.343
  683 16009 8.189
  684  8602 15.106
  685 27067 1.730
  686 36905 2.320
  687 17665 2.302
  688  8508 9.380
  689 11789 0.919
  690 32444 2.598
  691 18178 1.660
  692 37026 5.982
  693 13443 5.083
  694  6379 2.021
  695 10101 6.444
  696    12 31.814
  697  4506 2.784
  698 24882 1.596
  699 21610 1.532
  700 38992 3.046
  701  7494 8.115
  702 21505 8.496
  703  9729 1.956
  704  8314 2.214
  705 38261 2.282
  706 22610 1.529
  707 26615 1.105
  708  9319 2.698
  709 17722 4.613
  710 15270 2.309
  711 15380 1.626
  712 17392 2.341
  713 20234 8.824
  714  9518 8.592
  715 33864 2.491
  716 10088 1.740
  717 34208 2.238
  718 37031 2.304
  719 26539 2.801
  720 19970 1.141
  721  7873 12.804
  722 26115 1.599
  723 28826 9.544
  724 27780 3.381
  725 16604 1.829
  726 25902 3.233
  727  7249 13.961
  728 11307 8.068
  729  6030 3.645
  730  7263 13.552
  731  4523 1.886
  732 31843 8.391
  733 24136 28.593
  734  9197 11.077
  735 14313 1.369
  736 27915 1.501
  737 42894 10.422
  738 22234 1.329
  739 31901 6.900
  740 11792 4.705
  741 12885 4.111
  742 10568 4.739
  743  5917 4.131
  744 11948 11.617
  745 16035 4.219
  746  6189 1.682
  747 29490 7.682
  748 15931 2.356
  749 14947 3.394
  750  5576 6.482
  751 14834 1.133
  752 20841 2.894
  753 22649 1.697
  754 10619 2.753
  755 25358 10.995
  756  7809 4.296
  757  6289 4.227
  758 13437 3.504
  759 15717 5.566
  760 11748 2.229
  761  8192 5.336
  762  3204 4.088
  763  8507 1.243
  764 33590 6.978
  765 20809 1.933
  766 24987 4.651
  767 15834 1.068
  768 33719 3.567
  769  9214 1.279
  770 26818 1.054
  771 24896 4.259
  772  6746 4.793
  773 12949 8.760
  774 12820 1.013
  775 24200 4.354
  776  4011 2.033
  777 10299 3.599
  778  4401 1.531
  779 31450 14.450
  780 12583 4.382
  781 30375 8.800
  782 24466 2.202
  783 10095 1.882
  784 24712 2.308
  785 14178 1.679
  786 17144 7.640
  787 17564 4.430
  788 23860 28.450
  789 30816 4.952
  790 19905 4.954
  791 33367 39.906
  792 11879 1.228
  793 14297 0.976
  794 13625 1.211
  795  4612 3.652
  796 10520 3.705
  797 26913 1.283
  798 15230 1.542
  799 11165 2.079
  800 10433 4.607
  801 14399 3.865
  802 15265 5.022
  803 11525 1.424
  804 27158 17.097
  805 13653 7.609
  806 25728 3.287
  807 24592 4.221
  808  4946 6.108
  809 15073 3.737
  810  8367 17.513
  811 37615 6.593
  812     0 1.995
  813   892 8.167
  814  5681 1.966
  815 19621 19.002
  816  8715 2.392
  817 17402 1.585
  818 24222 0.958
  819 13545 1.670
  820 10201 3.089
  821 11539 1.206
  822 18723 4.132
  823  6146 9.931
  824 15466 6.650
  825  9636 1.629
  826 28676 4.093
  827 20683 5.473
  828 15697 5.984
  829 34864 11.206
  830 17814 4.626
  831 36434 5.986
  832 25582 11.223
  833  6617 1.304
  834 10636 2.169
  835  5146 2.030
  836 24813 4.548
  837 11577 2.705
  838  6451 13.758
  839 21120 6.836
  840 30510 2.978
  841 14954 5.031
  842 10540 1.220
  843 24557 1.856
  844 35081 3.579
  845 26731 1.488
  846 20522 1.367
  847  7892 7.098
  848 24171 2.843
  849  7746 3.139
  850  6302 2.161
  851 23357 2.027
  852  4384 2.132
  853  4400 1.028
  854 30126 7.874
  855 23534 1.610
  856 15456 5.419
  857 18041 3.136
  858 27086 5.432
  859 22675 2.201
  860 17894 3.413
  861 18546 5.924
  862  7460 1.031
  863 21801 7.122
  864 13640 1.314
  865 13616 2.186
  866 14523 1.890
  867 10739 1.008
  868 17142 2.793
  869 12785 8.385
  870 22775 5.050
  871 35244 5.596
  872 13248 4.214
  873 32932 1.874
  874  6247 4.061
  875  5000 2.437
  876  2018 1.764
  877 21547 9.236
  878  9761 2.708
  879 25838 5.824
  880  8857 9.152
  881 17716 3.251
  882 22715 0.975
  883 32434 1.350
  884 10053 2.851
  885  9647 2.425
  886 16331 7.632
  887 25754 11.783
  888  8303 1.597
  889 15373 32.016
  890 27156 2.189
  891 29675 2.908
  892 30751 12.256
  893 13360 1.780
  894 28807 1.224
  895 27541 1.762
  896  4493 1.381
  897  2441 1.851
  898 29269 4.670
  899  4151 2.886
  900  7687 2.165
  901 11834 0.961
  902 17350 0.756
  903  9077 1.329
  904 19296 2.754
  905 38675 2.790
  906 13181 11.026
  907 14830 19.377
  908 36721 1.601
  909 20609 2.763
  910 10562 8.227
  911 16215 3.058
  912 11968 0.699
  913  8092 1.480
  914 33529 2.913
  915 28356 4.404
  916 19167 6.654
  917 13093 1.060
  918 16688 0.564
  919  9889 0.476
  920  8685 1.423
  921 33625 2.145
  922  9101 0.855
  923 33945 1.741
  924 24357 4.365
  925  4609 1.619
  926 17767 1.087
  927 11050 1.211
  928 20060 2.655
  929 27518 1.498
  930 34918 5.274
  931 14990 5.609
  932    39 2.998
  933  8538 2.557
  934 10272 35.395
  935  6863 0.980
  936 34431 1.817
  937  6550 3.184
  938 16160 0.816
  939 19671 0.679
  940 22964 3.566
  941 10282 0.371
  942  9264 2.329
  943  5956 0.479
  944 10949 3.140
  945 18586 3.677
  946 13841 1.149
  947 14572 4.444
  948 12174 1.472
  949  6848 2.107
  950 11509 2.422
  951 27320 3.609
  952  4760 1.825
  953  7065 2.088
  954  7936 3.952
  955  5912 4.189
  956 25163 5.543
  957  2308 10.030
  958  5271 4.594
  959  4810 2.339
  960 12108 0.707
  961 12044 0.452
  962 30482 1.723
  963 13583 1.340
  964  4570 2.608
  965 19600 0.457
  966  6605 6.793
  967 12782 1.253
  968 12501 1.406
  969 10272 4.858
  970 10679 2.159
  971 10871 2.456
  972 16902 2.342
  973 13330 0.714
  974  9843 6.933
  975 28580 2.915
  976  1714 3.455
  977  9307 0.490
  978 14084 2.779
  979 12658 5.659
  980  9194 1.629
  981 23129 0.916
  982 22450 1.554
  983 28821 3.519
  984  4278 1.057
  985 13605 1.386
  986 35053 2.028
  987 29916 1.327
  988 37252 2.179
  989  1373 2.015
  990 11515 1.288
  991  5828 3.829
  992 14257 0.995
  993 28368 1.216
  994 18109 4.416
  995  9035 1.533
  996 22671 1.437
  997 18206 3.819
  998 22236 3.824
  999 26579 0.873
