    1  4681 0.967
    2 18664 2.233
    3 11418 1.476
    4  9382 1.332
    5  4513 2.323
    6  7520 1.091
    7  7952 1.817
    8 34467 2.391
    9  7883 4.538
   10   110 1.820
   11 16512 1.001
   12  4852 1.573
   13  3450 1.266
   14 18053 1.087
   15 21680 1.801
   16 20416 6.127
   17 24246 1.796
   18  5411 0.737
   19 41644 1.810
   20 17432 1.029
   21 21834 3.157
   22 18402 1.614
   23 19165 19.876
   24 11779 13.850
   25 11661 3.477
   26 14220 22.440
   27 37643 1.115
   28    20 57.168
   29  4003 1.167
   30  9499 2.400
   31 18086 3.107
   32  6017 1.276
   33 29978 1.288
   34 18142 1.452
   35 29080 3.267
   36 14395 5.588
   37 33913 10.565
   38 13976 4.284
   39 23549 1.034
   40 12881 3.239
   41 12423 0.732
   42  5340 1.367
   43   529 3.563
   44 16258 2.185
   45  9004 10.602
   46  7099 1.556
   47 28896 1.574
   48 23172 1.941
   49 30785 4.665
   50 29621 1.134
   51    12 4.834
   52  5715 1.937
   53 26625 2.057
   54 16706 2.421
   55 10168 1.089
   56 34766 33.625
   57 17570 17.597
   58  8500 1.843
   59  6588 1.459
   60 14115 0.847
   61  7934 6.832
   62 17767 1.192
   63 23764 3.597
   64    33 5.754
   65 19976 2.680
   66 17465 2.775
   67 24893 4.362
   68 15056 3.353
   69  7976 1.682
   70 36500 12.361
   71 21036 3.894
   72 16062 1.456
   73 22549 1.111
   74    31 20.968
   75 24090 1.563
   76 24900 1.894
   77    24 0.863
   78 16893 1.401
   79 29621 11.544
   80  1000 1.113
   81 23086 2.057
   82 25981 9.965
   83  6154 6.104
   84  8620 1.681
   85 10784 1.395
   86 13009 3.020
   87  1984 8.887
   88 11562 2.210
   89 33451 29.238
   90  1789 1.750
   91 18072 0.975
   92 23986 2.264
   93 20731 7.853
   94  3246 2.507
   95 10298 1.559
   96  6603 1.043
   97  4661 1.941
   98  7292 1.208
   99 12416 1.834
  100 20679 14.565
  101 11118 2.768
  102 18621 2.343
  103  7512 0.965
  104 16311 3.517
  105 37084 2.348
  106 14083 3.830
  107 16269 5.181
  108 18930 8.247
  109 28088 6.375
  110  6997 1.694
  111 35467 4.353
  112 10665 10.893
  113 22402 8.103
  114 10759 3.971
  115 11074 1.882
  116 24198 0.891
  117 26402 1.883
  118  6812 1.444
  119 29822 3.082
  120 23457 0.855
  121 26273 2.804
  122 13928 7.514
  123 15467 9.108
  124   203 0.737
  125 28580 2.815
  126 19120 1.019
  127     0 1.414
  128  3730 3.937
  129 13172 3.745
  130 17285 1.471
  131  4303 2.870
  132 14247 2.158
  133 15685 10.862
  134  9194 26.118
  135 26247 0.990
  136  7321 1.834
  137 31810 2.276
  138 36782 15.340
  139  3685 5.034
  140 18919 1.286
  141 21688 5.166
  142  4101 1.567
  143 26124 7.725
  144 27857 4.316
  145  5748 1.796
  146  8978 3.626
  147 35329 5.133
  148 10984 4.017
  149  8696 1.416
  150  4517 4.394
  151 12163 1.184
  152  8861 1.668
  153 19900 9.849
  154 13293 1.075
  155 12194 1.173
  156  8351 1.545
  157 15315 1.910
  158 14547 3.185
  159   821 23.866
  160  4914 2.137
  161 21996 1.533
  162 32059 1.512
  163 14201 1.603
  164 28995 3.050
  165 22230 1.410
  166  2840 5.223
  167 30626 3.272
  168 24496 3.435
  169 19301 24.238
  170  4243 2.251
  171 11580 6.483
  172    12 0.920
  173  6115 3.564
  174 18519 8.645
  175 12171 4.271
  176  9980 0.928
  177 21382 3.241
  178  4211 0.978
  179  2945 13.547
  180 19683 6.736
  181  6988 0.939
  182  9241 7.041
  183 10951 1.618
  184 40068 3.591
  185  6394 7.366
  186 21154 1.315
  187  7726 1.675
  188 31722 6.111
  189 15137 4.269
  190 30910 1.601
  191 16793 3.753
  192 26354 1.301
  193 17136 1.411
  194  9349 1.804
  195 13069 1.480
  196 28945 1.467
  197 18595 2.729
  198 18424 1.824
  199  6794 4.522
  200 19578 1.323
  201 23640 1.645
  202 28926 2.562
  203 19429 2.038
  204  6245 2.704
  205  9081 1.554
  206  7704 1.895
  207  7626 18.046
  208  4452 1.768
  209  3652 1.943
  210  7229 2.077
  211 24875 3.609
  212 15020 1.639
  213 18185 4.099
  214 15088 4.095
  215  7607 1.045
  216  5184 9.730
  217 14989 3.546
  218 10378 1.087
  219 35929 13.207
  220 23090 2.660
  221 18605 1.073
  222  6996 5.511
  223 10698 1.168
  224  8042 1.348
  225 28861 4.707
  226 27582 1.301
  227  4687 1.413
  228  6511 0.731
  229 17464 0.919
  230 27022 2.722
  231  8644 4.813
  232  4151 2.114
  233 15880 2.403
  234  5479 4.435
  235 19904 3.686
  236 22242 5.159
  237 12201 7.231
  238 30704 4.958
  239 10007 5.765
  240 11038 2.541
  241  6665 0.705
  242  2908 12.161
  243 12683 1.900
  244 30951 1.878
  245 12714 0.810
  246 10665 17.423
  247 13740 10.003
  248 20031 1.933
  249 20959 9.936
  250    13 1.381
  251 10033 1.359
  252 13933 1.900
  253 24122 17.066
  254 15219 0.727
  255  9042 3.403
  256 18874 1.991
  257 27930 18.232
  258 14176 1.040
  259 26529 2.351
  260 22882 1.872
  261 12003 1.030
  262 15219 2.817
  263  4229 3.440
  264 10443 1.718
  265  5667 3.545
  266 18608 1.722
  267 12139 2.030
  268  3191 2.029
  269  2936 2.097
  270  7690 0.705
  271 17039 1.342
  272 13045 1.347
  273 13402 39.069
  274 13912 6.458
  275     5 1.563
  276 10284 1.133
  277  7355 2.669
  278 35143 2.444
  279 32411 2.470
  280  7534 3.144
  281 16960 2.511
  282 22272 1.264
  283  3941 3.251
  284 18317 13.514
  285 13968 1.288
  286 16199 0.829
  287 12475 6.279
  288  9138 9.049
  289  3234 1.049
  290  1000 0.921
  291  5867 2.830
  292  7561 2.104
  293 20963 17.010
  294  8264 1.342
  295 16292 9.555
  296 17492 0.803
  297 25605 2.001
  298 32200 17.142
  299 22956 1.795
  300 27742 2.080
  301  5453 2.277
  302 11438 0.920
  303 27154 9.677
  304 12806 15.640
  305 10563 2.234
  306     0 0.930
  307  4867 3.665
  308  7317 3.205
  309 15382 1.184
  310 31709 6.148
  311 11296 1.186
  312  3795 2.065
  313 17613 2.446
  314  2564 0.970
  315 39244 1.612
  316  6936 2.739
  317  3625 14.911
  318 17031 1.648
  319 18401 33.025
  320  8127 1.145
  321  6762 7.547
  322 16701 44.242
  323  6247 2.443
  324 28315 4.261
  325  7618 1.415
  326 32312 1.754
  327 14455 2.777
  328  8938 0.833
  329 31665 7.643
  330 28016 1.128
  331   516 3.164
  332 18795 1.162
  333  7567 1.163
  334 13658 0.917
  335 16089 5.527
  336 11112 1.304
  337 18691 2.010
  338 27841 1.201
  339  3196 0.718
  340    19 1.209
  341 37414 1.714
  342 21298 1.023
  343 24442 1.595
  344 14386 1.161
  345  8446 2.780
  346 14773 2.339
  347   226 8.055
  348  6874 3.594
  349  7697 2.883
  350 13743 1.637
  351 32325 1.667
  352 10635 6.537
  353 24320 2.465
  354  9347 5.958
  355 23294 2.959
  356 12760 2.205
  357 19768 2.840
  358 14593 7.389
  359  9513 1.060
  360 12950 14.015
  361 19700 1.187
  362 42117 3.415
  363  5384 3.920
  364 20845 1.613
  365 14621 4.508
  366  2666 16.793
  367 22954 20.409
  368 17422 10.048
  369 12883 6.195
  370 15879 9.950
  371 17641 2.271
  372  6246 1.641
  373 20836 1.677
  374   601 1.959
  375 16374 4.591
  376 18759 2.229
  377 12468 1.108
  378  3645 4.976
  379 17167 1.541
  380 15558 1.044
  381  9796 0.751
  382 28194 3.337
  383 15326 4.755
  384 27078 2.990
  385 10910 0.820
  386  7878 5.831
  387  4812 1.198
  388 22176 1.793
  389 10271 3.716
  390 17658 3.879
  391 12128 1.844
  392  5195 12.112
  393 11434 1.068
  394 25952 8.657
  395  8480 1.272
  396  8839 0.833
  397 30720 16.303
  398 28016 2.946
  399 13811 3.816
  400  9376 1.234
  401 20029 1.270
  402  4763 5.295
  403 12173 9.636
  404  8088 8.705
  405 14164 2.467
  406  1810 6.817
  407  7310 2.194
  408 20400 7.834
  409 19779 7.009
  410 12548 0.816
  411  7372 2.260
  412 17012 25.387
  413 28039 1.255
  414 14014 4.907
  415 10186 0.881
  416     0 1.875
  417 12777 0.865
  418 10728 1.755
  419 19263 1.166
  420  8306 1.216
  421  9461 1.011
  422  9375 1.949
  423 14760 9.636
  424 26321 1.182
  425 24174 1.703
  426     4 0.822
  427 26085 3.740
  428 24401 1.996
  429  4531 1.060
  430  8795 1.247
  431 21493 1.199
  432 13669 3.451
  433 21385 1.512
  434 28897 13.590
  435  6535 1.108
  436 12219 4.040
  437 21428 1.816
  438 10726 7.571
  439  5690 1.137
  440 29734 3.587
  441  7617 1.237
  442 11481 1.315
  443 19774 3.083
  444 26262 3.303
  445  7432 5.963
  446 12087 3.806
  447 12250 2.420
  448 27774 2.495
  449  6246 1.425
  450 34093 9.419
  451  1451 21.403
  452  8583 1.566
  453  9916 10.145
  454 13217 1.613
  455  7378 1.906
  456  4914 0.990
  457 22858 1.714
  458  6733 6.658
  459 36008 1.573
  460 23514 49.849
  461  4770 1.089
  462  7106 2.783
  463 19243 8.796
  464  7280 3.977
  465 31024 1.506
  466 15044 1.922
  467  4564 1.356
  468 35227 2.388
  469  5051 1.497
  470     7 1.278
  471 39324 13.775
  472 11348 1.455
  473 13360 2.754
  474 11555 1.263
  475 25282 9.295
  476 13748 0.988
  477 22104 1.463
  478 15030 1.608
  479 17695 1.944
  480 18369 6.477
  481  4069 3.753
  482 29543 1.735
  483 24252 3.059
  484 14910 1.286
  485 21019 1.086
  486 27755 1.805
  487 15157 1.035
  488     0 0.900
  489 45214 4.882
  490  6297 5.602
  491  4211 13.735
  492 16952 1.459
  493    17 1.002
  494 11458 4.837
  495 26861 8.041
  496 26575 3.483
  497  1649 1.122
  498 37529 11.392
  499  3860 2.160
  500 11769 1.905
  501 13492 2.917
  502 19343 1.358
  503 13061 2.576
  504 21410 1.258
  505 16242 1.093
  506 14738 2.114
  507 36092 1.437
  508 27823 4.555
  509  8880 3.140
  510 25527 21.237
  511 11684 1.601
  512 29601 4.902
  513  6544 1.647
  514 20805 3.850
  515  4651 0.960
  516 30476 1.605
  517 35996 1.583
  518  4676 1.822
  519 10826 3.588
  520 27570 3.445
  521 19026 0.676
  522 20281 1.024
  523 38265 2.182
  524 27382 2.962
  525  9192 1.289
  526 13221 18.206
  527 21687 4.758
  528 11505 1.068
  529 11563 1.082
  530 14294 1.192
  531 11762 0.796
  532  5061 1.519
  533 28636 1.782
  534 15506 2.371
  535 12959 0.944
  536 15617 1.911
  537     0 1.372
  538    27 47.587
  539 15930 2.033
  540 13418 3.455
  541 16017 9.729
  542 17854 11.877
  543 11810 10.984
  544  8734 2.138
  545 37977 3.838
  546 33487 13.597
  547 16982 1.547
  548 19088 11.590
  549 11887 0.728
  550  8554 1.839
  551 24061 7.902
  552  7581 2.586
  553 12144 2.376
  554 20045 5.452
  555  9130 1.575
  556 12860 29.135
  557 24306 2.902
  558  9659 3.522
  559 11927 4.035
  560 15130 2.225
  561 21583 2.445
  562  7059 1.926
  563 34731 1.536
  564  2642 3.377
  565 11552 1.036
  566 11949 0.949
  567  7952 1.980
  568 36777 1.512
  569 27290 5.844
  570 19667 1.421
  571 28642 5.175
  572 17596 1.648
  573 36169 4.519
  574 11754 0.927
  575 31384 1.912
  576 22561 24.184
  577 29972 4.859
  578 17812 11.027
  579  4932 1.331
  580 15631 7.360
  581 20965 1.564
  582 17084 1.643
  583    22 1.489
  584 12694 0.911
  585 32281 7.838
  586 14054 5.925
  587  6165 1.468
  588 22428 1.082
  589 12100 0.762
  590 25441 6.278
  591  9350 8.526
  592  8033 2.213
  593 16910 6.330
  594  9098 1.347
  595  9106 1.582
  596 20788 4.879
  597 32640 12.299
  598  9963 5.571
  599 14928 1.893
  600 13676 1.335
  601  7176 0.761
  602 15117 1.405
  603  8988 5.874
  604 24428 4.790
  605  6773 1.545
  606 42017 3.313
  607  5651 1.347
  608 13095 2.254
  609  5903 0.889
  610 24501 1.187
  611 30671 2.399
  612 17715 5.336
  613 35967 1.928
  614 14309 1.767
  615 21135 17.858
  616  5606 1.225
  617 28102 5.794
  618 11813 1.706
  619  7332 2.049
  620 17644 3.143
  621 19418 23.916
  622 20333 2.393
  623 21424 2.405
  624 32738 2.818
  625 22049 1.431
  626  8397 4.269
  627 25980 2.275
  628 26832 10.711
  629 11610 2.325
  630 12461 1.830
  631 38403 29.106
  632 11745 0.906
  633  4958 2.768
  634  9565 1.859
  635 14247 9.286
  636 13497 1.949
  637    18 1.059
  638  3694 0.970
  639 35001 1.323
  640 20980 7.918
  641 21514 1.110
  642  6781 0.700
  643 34223 3.945
  644 27243 0.920
  645 22169 2.590
  646 39193 5.322
  647  7385 1.143
  648  7013 1.688
  649   474 4.949
  650 11247 13.769
  651 22438 0.739
  652 29912 9.447
  653 15757 11.325
  654  8644 1.795
  655 17805 1.594
  656 10224 2.288
  657 16825 1.721
  658 11091 2.495
  659 12303 1.084
  660 15302 2.047
  661 14994 1.239
  662  2648 98.110
  663  9824 3.137
  664 12515 13.937
  665 20991 2.327
  666    29 0.875
  667 10733 2.984
  668 24639 1.162
  669  1276 1.743
  670 27189 13.444
  671  7211 0.730
  672 25981 2.434
  673 11606 2.444
  674 13017 6.700
  675 28571 3.008
  676 12722 11.688
  677 24370 2.796
  678 11529 1.373
  679  8953 6.443
  680 19817 17.883
  681  1072 8.182
  682  6435 10.587
  683 15020 15.537
  684  7635 9.474
  685 27047 0.892
  686 36709 1.353
  687 17558 2.430
  688  8134 4.667
  689 11806 1.267
  690 32469 1.229
  691 18053 1.769
  692 36402 9.272
  693 12898 1.782
  694  6321 0.904
  695  8008 1.602
  696     0 1.756
  697  3679 4.107
  698 24878 1.133
  699 21618 1.083
  700 38674 2.049
  701  7112 2.770
  702 20594 3.558
  703  9543 1.605
  704  7982 2.123
  705 37560 3.089
  706 22296 1.890
  707 26590 1.211
  708  9471 1.304
  709 17480 6.834
  710 15329 2.519
  711 15337 1.090
  712 17356 5.713
  713 19837 7.656
  714  8931 8.987
  715 33813 2.136
  716 10018 1.177
  717 33919 2.371
  718 36563 5.295
  719 26448 1.930
  720 19881 1.051
  721  7543 11.345
  722 26071 0.935
  723 28542 10.813
  724 27362 2.014
  725 16624 1.283
  726 25956 1.942
  727  6568 62.736
  728 10867 18.612
  729  5830 1.181
  730  4780 8.168
  731  4544 1.031
  732 30798 11.356
  733 21155 41.605
  734  8018 5.342
  735 14201 0.759
  736 27827 1.465
  737 42475 6.533
  738 22157 0.900
  739 31607 10.096
  740 11956 1.758
  741 13124 2.630
  742 10024 10.611
  743  4873 5.616
  744 10643 10.410
  745 15866 1.972
  746  6159 1.622
  747 29510 3.893
  748 14625 2.760
  749 14510 1.003
  750  4708 2.881
  751 14840 0.943
  752 20830 1.308
  753 22640 0.876
  754 10598 1.209
  755 23197 3.790
  756  7785 1.891
  757  5785 3.242
  758 13068 4.825
  759 15479 2.285
  760 11729 1.870
  761  8093 4.334
  762  3258 2.447
  763  8482 0.979
  764 31702 39.074
  765 20716 1.529
  766 24676 2.905
  767 15834 0.678
  768 33518 2.838
  769  9152 1.293
  770 26713 0.993
  771 24474 13.492
  772  6230 2.883
  773 12720 2.857
  774 12786 0.929
  775 23576 3.586
  776  4001 2.919
  777  8320 1.748
  778  4249 1.342
  779 29841 13.307
  780 12522 5.795
  781 28877 6.016
  782 24075 1.882
  783 10179 0.943
  784 24645 1.528
  785 14139 1.141
  786 16916 2.450
  787 17848 3.624
  788 22170 20.245
  789 30476 2.296
  790 19195 21.176
  791 34004 65.087
  792 11499 1.517
  793 14264 0.479
  794 13450 0.470
  795  4595 1.072
  796 10874 1.791
  797 26687 0.989
  798 15131 0.875
  799 11087 1.363
  800  9275 3.601
  801 14557 2.430
  802 15301 2.449
  803 11419 1.216
  804 27251 3.970
  805 13169 13.631
  806 25558 3.331
  807 24600 1.730
  808  5080 6.605
  809 15049 1.109
  810  5731 25.685
  811 37459 3.932
  812     0 0.985
  813   422 2.676
  814  5683 0.991
  815 19226 26.855
  816  8485 3.017
  817 16811 9.353
  818 24335 1.258
  819 12665 1.846
  820  9221 2.486
  821 11537 1.254
  822 18667 3.322
  823  5662 6.453
  824 15032 7.816
  825  9375 1.164
  826 27618 10.137
  827 20471 1.419
  828 11696 9.287
  829 34402 15.795
  830 17741 1.561
  831 36317 2.630
  832 23550 8.900
  833  6635 0.880
  834 10591 1.472
  835  5158 2.093
  836 24535 2.353
  837 11846 1.598
  838  5703 5.826
  839 21042 1.367
  840 29352 1.670
  841 14600 9.645
  842 10532 1.017
  843 23750 1.593
  844 35124 1.500
  845 26632 1.113
  846 20534 0.885
  847  6740 9.764
  848 23982 2.059
  849  7024 5.058
  850  6040 1.801
  851 23429 1.811
  852  4279 1.543
  853  4395 0.821
  854 29984 10.661
  855 23314 1.600
  856 15275 6.961
  857 17969 1.243
  858 26630 2.272
  859 22655 1.215
  860 17617 5.598
  861 18374 6.137
  862  7486 0.761
  863 20736 11.028
  864 13617 0.948
  865 13536 0.959
  866 14191 3.813
  867 10733 0.670
  868 17052 2.013
  869  9523 4.659
  870 22778 1.850
  871 35182 4.049
  872 13082 9.053
  873 32744 1.231
  874  6087 2.022
  875  4226 1.172
  876  2018 1.060
  877 20835 24.589
  878  9418 3.717
  879 25769 5.227
  880  8398 8.483
  881 17500 6.077
  882 22550 0.469
  883 32283 1.536
  884  9700 1.968
  885  9718 1.765
  886 15826 2.374
  887 24924 5.222
  888  7854 1.328
  889 14053 12.478
  890 26839 4.352
  891 29332 2.728
  892 30112 14.410
  893 12975 2.971
  894 28593 1.439
  895 27499 1.481
  896  3867 1.792
  897  2394 24.379
  898 28583 12.075
  899  4193 5.107
  900  7627 1.519
  901 11763 1.054
  902 17176 0.439
  903  8516 0.807
  904 18758 2.531
  905 38210 1.786
  906 12052 14.978
  907 13074 12.685
  908 36781 1.612
  909 20396 3.514
  910 10418 5.945
  911 15974 1.591
  912 11834 1.036
  913  7869 1.481
  914 33314 7.696
  915 27452 3.602
  916 18848 4.739
  917 12983 2.784
  918 16631 0.724
  919  9850 0.674
  920  8481 1.815
  921 33637 3.278
  922  9072 0.724
  923 33989 1.336
  924 23999 4.411
  925  4661 2.308
  926 17760 0.821
  927 10982 1.534
  928 20037 1.000
  929 27480 1.230
  930 34405 6.041
  931 14463 1.843
  932    39 1.265
  933  8529 1.878
  934  8220 62.997
  935  6913 0.707
  936 32738 1.087
  937  6511 1.340
  938 15836 0.921
  939 19525 0.564
  940 22605 24.390
  941 10198 0.367
  942  8378 4.282
  943  5966 0.352
  944 10341 1.699
  945 18298 3.432
  946 13464 1.457
  947 14192 7.119
  948 12153 1.279
  949  6692 2.920
  950 11207 10.635
  951 27381 2.161
  952  4626 3.921
  953  7036 0.985
  954  7807 2.557
  955  5530 6.440
  956 24954 3.832
  957  2099 1.770
  958  5126 4.071
  959  4573 1.978
  960 12012 0.804
  961 11967 0.714
  962 30185 0.639
  963 13506 0.983
  964  2495 3.030
  965 19502 0.500
  966  4166 7.531
  967 12709 1.574
  968 12616 1.668
  969 10184 1.853
  970 10619 1.256
  971 10881 1.242
  972 16662 2.675
  973 13324 0.573
  974  9768 6.958
  975 27596 1.409
  976  1704 2.580
  977  9304 0.715
  978 13886 2.170
  979 11583 1.502
  980  9142 0.749
  981 23127 0.966
  982 22368 1.454
  983 28629 2.055
  984  3757 0.872
  985 13595 0.851
  986 34329 3.009
  987 29832 0.667
  988 36723 2.399
  989  1656 0.740
  990 11497 1.032
  991  5623 5.777
  992 14138 0.752
  993 28227 1.099
  994 17949 2.381
  995  9016 0.889
  996 22653 0.957
  997 17772 2.785
  998 21339 1.318
  999 26521 1.164
