    1  4694 2.734
    2 19735 6.215
    3 11950 4.039
    4  9411 1.570
    5  4528 6.184
    6  7563 9.302
    7  7965 3.540
    8 34316 10.285
    9  8028 4.671
   10   181 5.538
   11 16568 1.580
   12  4943 2.476
   13  3485 2.020
   14 18029 2.232
   15 22068 9.248
   16 20795 6.216
   17 24447 11.548
   18  5409 1.939
   19 41671 3.319
   20 17512 2.208
   21 21945 5.930
   22 18506 2.512
   23 19937 17.444
   24 13523 24.818
   25 11919 3.472
   26 15348 21.642
   27 37681 3.102
   28  2461 32.789
   29  4004 3.911
   30  9579 5.553
   31 18282 7.759
   32  6106 3.025
   33 29956 4.180
   34 18377 4.460
   35 29160 4.207
   36 15196 6.079
   37 35757 16.582
   38 14372 6.264
   39 23673 2.760
   40 13672 4.312
   41 12433 1.718
   42  5261 5.314
   43   155 19.620
   44 16499 4.118
   45 10255 29.760
   46  7105 3.841
   47 29071 2.460
   48 23238 7.456
   49 31155 5.507
   50 29673 1.545
   51    92 58.420
   52  5902 2.948
   53 27723 9.586
   54 17185 8.762
   55 10165 3.496
   56 35872 21.394
   57 19677 54.120
   58  8545 6.550
   59  7777 2.416
   60 14109 2.324
   61  7989 12.352
   62 17883 3.347
   63 23951 13.253
   64  1128 72.990
   65 20409 4.316
   66 17958 5.316
   67 25074 13.183
   68 15173 7.289
   69  8027 4.536
   70 37118 13.088
   71 21156 12.634
   72 16159 2.734
   73 22512 5.265
   74   166 86.527
   75 24106 4.456
   76 24900 4.872
   77    24 0.904
   78 17170 9.830
   79 30251 18.864
   80 19553 9.883
   81 23031 4.062
   82 26094 25.728
   83  6615 5.988
   84  9069 8.906
   85 10858 4.788
   86 13031 5.941
   87  3058 6.991
   88 11525 10.353
   89 34331 32.455
   90  1852 3.277
   91 18114 1.816
   92 25313 4.472
   93 21585 22.590
   94  3417 6.838
   95 10348 2.873
   96  6657 1.570
   97  4780 2.829
   98  7299 3.872
   99 12500 3.036
  100 20690 16.572
  101 11462 6.472
  102 18685 4.208
  103  7482 2.955
  104 16391 10.801
  105 37364 7.426
  106 14523 10.669
  107 16744 8.971
  108 19175 12.101
  109 28910 18.524
  110  7226 6.445
  111 35254 10.747
  112 10795 45.924
  113 22562 8.233
  114 11267 8.722
  115 11167 12.128
  116 24219 2.312
  117 26558 2.616
  118  6885 11.488
  119 30038 6.468
  120 23463 2.294
  121 26399 14.486
  122 14092 5.723
  123 15771 10.701
  124   203 1.410
  125 29246 6.765
  126 19149 2.484
  127 18190 8.552
  128  3921 6.164
  129 13336 2.296
  130 17400 2.639
  131  4728 6.437
  132 14311 3.924
  133 16567 18.117
  134  9153 26.111
  135 26322 2.372
  136  7344 3.646
  137 32208 4.369
  138 38063 20.937
  139  4220 7.448
  140 19073 2.783
  141 22100 4.373
  142  4150 3.595
  143 26619 6.388
  144 28292 8.342
  145  6373 6.384
  146  9282 2.534
  147 35578 3.028
  148 11138 6.620
  149  8750 2.220
  150  4759 10.904
  151 12507 8.450
  152  8904 2.086
  153 20398 7.985
  154 13437 1.454
  155 12247 4.064
  156  8573 3.894
  157 15651 5.289
  158 15063 8.436
  159  1983 9.841
  160  5201 11.295
  161 22240 3.692
  162 32259 3.411
  163 14269 2.042
  164 29164 8.602
  165 22258 3.346
  166  3587 15.300
  167 30788 5.368
  168 24544 10.934
  169 19926 46.546
  170  4564 8.914
  171 11791 8.668
  172  2702 10.520
  173  6172 7.963
  174 19171 8.632
  175 12215 16.833
  176  9994 4.664
  177 21708 8.621
  178  4245 2.258
  179  3186 74.917
  180 19846 28.363
  181  9390 4.383
  182 10381 22.089
  183 11024 11.873
  184 40378 6.383
  185  6809 9.544
  186 21274 1.769
  187  7577 9.488
  188 31859 8.717
  189 15507 24.423
  190 31081 2.333
  191 17527 2.298
  192 26382 1.885
  193 17135 6.586
  194  9514 4.946
  195 13432 9.999
  196 28993 3.315
  197 19087 7.576
  198 18722 8.274
  199  6915 3.754
  200 19699 5.306
  201 23572 3.646
  202 29516 3.965
  203 19567 4.784
  204  7309 4.270
  205  9175 3.756
  206  7653 4.726
  207  8456 28.336
  208  4356 10.076
  209  3596 6.368
  210  7544 5.318
  211 24900 6.150
  212 15050 2.429
  213 18880 16.096
  214 16145 14.528
  215  7589 2.564
  216  5920 9.156
  217 15426 14.696
  218 10487 2.696
  219 36681 11.255
  220 23300 7.049
  221 18913 7.496
  222  8545 13.520
  223 10681 4.025
  224  8040 3.027
  225 30323 9.390
  226 27646 3.555
  227  5238 5.706
  228  6655 5.692
  229 17482 2.278
  230 27428 6.293
  231  9761 8.007
  232  4239 6.656
  233 15290 6.500
  234  6247 6.556
  235 20186 5.406
  236 22337 9.676
  237 12010 12.914
  238 30775 8.608
  239 10044 17.573
  240 11077 4.767
  241  6665 1.767
  242  3920 27.045
  243 12884 2.180
  244 30929 9.560
  245 12701 1.408
  246 12564 28.924
  247 14672 4.424
  248 20431 8.790
  249 21553 6.395
  250    14 2.435
  251 10140 17.536
  252 14451 3.948
  253 25027 16.362
  254 15237 1.822
  255  9453 5.400
  256 19127 4.176
  257 29200 32.843
  258 15680 2.109
  259 27828 5.595
  260 23156 5.115
  261 12090 3.006
  262 16017 6.816
  263  4287 18.510
  264 10486 2.166
  265  5731 5.124
  266 18609 2.886
  267 12910 13.689
  268  3613 7.878
  269  2947 3.725
  270  7729 2.057
  271 17035 3.551
  272 13682 8.545
  273 13623 73.964
  274 14210 4.800
  275  2298 19.944
  276 10417 3.117
  277  7613 9.428
  278 35414 6.016
  279 32759 2.256
  280  7876 2.855
  281 17100 7.272
  282 22422 3.504
  283  3977 4.469
  284 18440 7.548
  285 15510 2.733
  286 16279 5.557
  287 13237 19.532
  288  9613 6.853
  289  3236 2.128
  290  1018 8.802
  291  5990 5.334
  292  7710 9.119
  293 21652 19.765
  294  8340 6.552
  295 16888 16.898
  296 17721 2.136
  297 25787 6.700
  298 32144 16.444
  299 23342 5.111
  300 27850 3.309
  301  5736 5.695
  302 11444 3.007
  303 27194 12.142
  304 13685 27.504
  305 10848 5.736
  306 19230 5.046
  307  5167 12.950
  308  7503 7.184
  309 15339 4.424
  310 31789 21.284
  311 11370 2.330
  312  3910 4.058
  313 17757 3.308
  314  4297 19.376
  315 39409 3.572
  316  6929 7.060
  317  4383 14.784
  318 17065 3.095
  319 19048 34.183
  320  8170 2.689
  321  7107 18.494
  322 18070 20.432
  323  6600 3.428
  324 28607 14.460
  325  7573 3.276
  326 32310 5.107
  327 14744 6.914
  328  9084 1.222
  329 32084 23.718
  330 28096 4.726
  331   723 23.952
  332 18897 4.309
  333  7673 1.930
  334 13698 2.185
  335 16204 9.198
  336 11169 1.813
  337 18773 2.472
  338 27873 2.536
  339  3191 3.763
  340    95 36.237
  341 37677 3.615
  342 21310 3.537
  343 24605 3.445
  344 14410 3.647
  345  8516 2.659
  346 14720 4.971
  347  2230 33.901
  348  7475 11.076
  349  7892 4.470
  350 13749 3.825
  351 32537 6.986
  352 11528 16.413
  353 24298 7.467
  354  9731 13.666
  355 23632 3.488
  356 13322 18.512
  357 19845 9.166
  358 15483 29.116
  359  9525 3.242
  360 13364 6.771
  361 19554 5.397
  362 42450 7.300
  363  6866 6.066
  364 21043 3.278
  365 14918 10.132
  366  2822 12.820
  367 23408 15.800
  368 17877 11.866
  369 13398 4.585
  370 15928 12.089
  371 17703 4.108
  372  6374 8.307
  373 21372 6.412
  374  2336 34.780
  375 16918 5.756
  376 19009 13.847
  377 12733 3.437
  378  5251 9.267
  379 17281 2.647
  380 15618 1.741
  381  9804 2.282
  382 28501 10.528
  383 16260 24.398
  384 27277 7.864
  385 10851 4.058
  386  8094 6.154
  387  4795 2.924
  388 22415 6.284
  389 10533 17.356
  390 17546 9.054
  391 12172 2.630
  392  5652 7.115
  393 11524 2.953
  394 26188 10.888
  395  8502 3.856
  396  8842 1.474
  397 31803 32.170
  398 28203 3.538
  399 13933 8.654
  400  9451 3.233
  401 20044 2.327
  402  2797 61.728
  403 12498 17.124
  404  8383 9.488
  405 14359 6.333
  406  1811 11.130
  407  7609 4.710
  408 20875 13.664
  409 20314 29.566
  410 12564 1.702
  411  7599 6.076
  412 17446 57.956
  413 28041 3.180
  414 14589 16.711
  415 10198 1.736
  416 24145 16.620
  417 13124 2.396
  418 10877 6.782
  419 19215 3.114
  420  8455 2.916
  421  9545 3.570
  422  9651 12.619
  423 14836 24.251
  424 26460 4.190
  425 24346 2.001
  426   558 6.863
  427 26292 25.418
  428 24534 7.714
  429  4577 1.563
  430  8974 1.747
  431 21390 2.159
  432 14022 5.611
  433 21617 2.897
  434 29528 11.189
  435  6580 2.461
  436 12661 10.548
  437 21518 5.675
  438 10765 6.761
  439  6800 2.972
  440 30063 20.384
  441  7665 8.103
  442 11531 4.102
  443 19874 5.865
  444 26724 12.310
  445  6873 6.684
  446 12201 5.506
  447 12762 6.667
  448 27950 2.501
  449  6263 2.648
  450 35549 15.848
  451   124 35.136
  452  8838 2.373
  453 10811 18.141
  454 13357 5.443
  455  7503 2.400
  456  4897 3.609
  457 22923 9.168
  458  6887 6.094
  459 36088 6.980
  460 24451 31.964
  461  4753 2.720
  462  7220 6.480
  463 21213 13.992
  464  8182 12.046
  465 32217 2.729
  466 15111 8.139
  467  4665 2.367
  468 36279 4.029
  469  5172 4.794
  470   363 44.430
  471 39607 22.578
  472 12472 2.741
  473 13859 8.543
  474 11525 3.696
  475 26700 36.552
  476 13808 5.008
  477 22080 3.226
  478 15495 4.105
  479 18007 4.161
  480 18515 12.742
  481  4227 5.478
  482 29776 2.024
  483 24302 8.278
  484 14947 5.157
  485 21094 1.799
  486 30196 6.335
  487 15171 3.261
  488    19 3.456
  489 45436 10.412
  490  6707 6.839
  491  4272 18.916
  492 17478 6.476
  493    66 27.832
  494 11520 9.836
  495 26940 10.222
  496 27129 5.892
  497  1649 2.163
  498 38470 23.531
  499  3804 7.548
  500 11898 9.860
  501 14004 11.392
  502 19589 2.923
  503 13068 3.477
  504 21655 3.421
  505 16270 3.672
  506 15164 3.020
  507 36174 2.740
  508 28923 2.723
  509  9363 8.068
  510 26514 14.589
  511 11966 1.916
  512 29147 15.174
  513  6565 10.918
  514 21016 5.330
  515  4716 2.706
  516 32684 3.863
  517 36104 9.253
  518  5413 3.054
  519 11220 5.726
  520 28199 14.543
  521 19016 1.922
  522 21170 2.162
  523 38628 9.012
  524 27545 7.928
  525  9190 2.623
  526 13787 15.866
  527 21956 4.309
  528 11458 6.125
  529 11663 2.228
  530 14441 2.806
  531 11771 1.406
  532  5472 5.348
  533 28662 5.931
  534 15629 2.995
  535 12977 2.404
  536 15616 7.293
  537  6407 5.213
  538   410 15.510
  539 16150 4.510
  540 13900 4.211
  541 17045 28.765
  542 18506 13.436
  543 13226 23.474
  544  9230 7.382
  545 38168 3.692
  546 34219 24.180
  547 17088 4.055
  548 19826 35.348
  549 11892 1.682
  550  8680 2.821
  551 25084 31.011
  552  7958 2.296
  553 12702 16.556
  554 20594 10.759
  555  9851 3.197
  556 13504 9.923
  557 24316 5.965
  558 10109 16.134
  559 12647 4.671
  560 15065 2.759
  561 21732 3.651
  562  7403 2.269
  563 34973 6.503
  564  2968 4.105
  565 11978 2.619
  566 12005 1.434
  567  8073 3.212
  568 36981 3.255
  569 27689 15.195
  570 19745 2.185
  571 28748 11.512
  572 17723 3.332
  573 36289 4.248
  574 11768 1.432
  575 31677 3.763
  576 25099 23.629
  577 31366 14.132
  578 19431 11.467
  579  4996 4.950
  580 15787 22.440
  581 21270 10.076
  582 17248 3.216
  583    22 8.020
  584 12725 3.088
  585 32391 25.364
  586 14222 39.992
  587  6269 2.984
  588 22470 1.528
  589 12092 1.868
  590 25557 6.792
  591  9489 5.684
  592  7969 6.952
  593 17232 9.576
  594  9451 4.200
  595  9494 6.026
  596 21083 4.334
  597 32836 21.974
  598 10853 9.692
  599 15172 12.825
  600 13882 5.056
  601  7207 2.069
  602 15137 2.897
  603  9358 13.638
  604 24620 5.623
  605  7104 4.664
  606 42023 7.433
  607  6111 5.029
  608 14277 10.210
  609  5896 3.801
  610 24539 2.063
  611 30949 4.620
  612 18956 9.925
  613 36258 6.130
  614 15013 3.693
  615 21417 21.718
  616  5656 5.622
  617 28274 9.166
  618 11875 2.962
  619  7558 7.718
  620 17659 9.211
  621 19909 25.469
  622 20371 8.588
  623 22575 9.620
  624 32981 8.660
  625 22073 3.684
  626  8489 9.104
  627 25956 6.343
  628 27351 29.980
  629 11945 7.656
  630 12496 5.487
  631 38346 12.181
  632 11763 2.003
  633  5069 13.825
  634  9596 12.794
  635 15017 12.533
  636 13350 8.611
  637    72 15.400
  638  3699 1.582
  639 34982 2.364
  640 21267 8.800
  641 21532 2.464
  642  6789 1.584
  643 34255 19.615
  644 27228 3.241
  645 24250 9.047
  646 39124 12.768
  647  7418 4.659
  648  7244 3.330
  649   710 17.351
  650 12645 12.225
  651 22406 1.858
  652 30657 9.635
  653 16621 10.304
  654  8784 8.454
  655 17868 5.853
  656 11146 14.253
  657 16846 3.884
  658 11588 4.770
  659 12321 2.188
  660 15308 2.888
  661 15120 2.264
  662  3625 78.556
  663  9842 4.875
  664 14016 10.425
  665 21464 8.818
  666    35 16.657
  667 10991 5.752
  668 24587 3.843
  669  1969 3.860
  670 27669 12.120
  671  7241 2.600
  672 26320 10.264
  673 11687 6.928
  674 13137 14.476
  675 28919 8.655
  676 12893 30.624
  677 24398 7.136
  678 11589 3.725
  679  9250 13.171
  680 19874 36.150
  681  1729 6.490
  682  6855 6.726
  683 16007 12.314
  684  8544 28.863
  685 27077 2.792
  686 36871 4.448
  687 17665 5.126
  688  8402 14.520
  689 11844 2.124
  690 32519 4.633
  691 18187 2.881
  692 36998 9.094
  693 13489 8.423
  694  6385 3.732
  695  9425 8.424
  696    12 34.792
  697  4530 3.855
  698 24880 3.091
  699 21629 2.089
  700 38992 4.861
  701  7564 8.540
  702 21782 12.180
  703  9729 3.494
  704  8296 3.733
  705 38261 5.449
  706 22672 2.795
  707 26615 1.904
  708  9513 4.857
  709 17747 15.370
  710 15306 4.066
  711 15403 3.695
  712 17392 3.928
  713 20261 14.884
  714  9466 19.630
  715 33830 4.725
  716 10024 3.585
  717 34263 5.272
  718 37002 4.030
  719 26539 3.614
  720 19970 1.695
  721  7942 27.557
  722 26097 2.274
  723 28732 19.679
  724 27790 6.953
  725 16600 3.914
  726 26150 8.266
  727  7295 50.024
  728 11636 13.534
  729  6009 7.637
  730  7599 26.971
  731  4554 4.812
  732 31907 16.234
  733 24149 38.925
  734  9221 12.648
  735 14313 0.750
  736 27915 2.663
  737 43024 16.991
  738 22221 1.805
  739 31912 11.496
  740 11727 8.362
  741 13137 7.001
  742 10443 11.317
  743  5759 11.260
  744 11993 24.947
  745 15981 7.386
  746  6201 1.922
  747 29640 16.404
  748 15926 4.861
  749 14977 6.943
  750  5564 8.841
  751 14863 2.600
  752 20824 4.432
  753 22659 3.156
  754 10616 5.017
  755 25358 20.201
  756  7793 7.557
  757  6299 8.204
  758 13437 4.700
  759 15841 7.293
  760 11748 4.012
  761  8201 10.410
  762  3424 7.021
  763  8507 2.469
  764 33605 13.174
  765 20854 4.330
  766 24916 8.214
  767 15839 1.536
  768 33731 5.374
  769  9232 2.269
  770 26818 2.303
  771 25161 5.732
  772  6755 8.440
  773 12917 18.458
  774 12820 2.170
  775 24170 9.076
  776  4028 3.460
  777 10196 7.364
  778  4325 2.326
  779 31524 22.114
  780 12906 6.495
  781 30360 16.001
  782 24472 4.112
  783 10093 3.984
  784 24406 3.527
  785 14192 2.233
  786 17223 6.116
  787 17559 9.964
  788 23789 50.808
  789 30771 13.730
  790 19935 8.702
  791 33373 61.600
  792 11826 2.880
  793 14294 1.737
  794 13632 1.637
  795  4877 4.179
  796 11520 4.313
  797 26922 1.347
  798 15195 1.819
  799 11186 2.372
  800 10349 7.138
  801 14615 7.580
  802 15331 6.815
  803 11561 2.761
  804 27188 31.993
  805 13727 15.307
  806 25728 4.648
  807 24628 7.272
  808  4763 12.514
  809 15066 7.238
  810  7769 49.666
  811 37594 9.737
  812    18 5.861
  813   946 8.520
  814  5683 2.669
  815 20767 24.309
  816  8719 2.938
  817 17345 2.446
  818 24430 1.396
  819 13545 2.738
  820 10252 3.595
  821 11593 2.641
  822 18747 8.320
  823  5734 15.283
  824 15634 12.479
  825  9564 4.159
  826 28667 8.127
  827 20884 13.164
  828 15256 12.998
  829 34908 20.068
  830 17843 8.988
  831 36513 7.876
  832 25224 24.349
  833  6617 1.772
  834 10636 4.096
  835  5153 3.530
  836 24812 8.814
  837 11973 3.754
  838  5695 18.254
  839 21158 4.020
  840 30544 5.370
  841 14970 8.869
  842 10540 2.761
  843 24665 3.156
  844 34923 5.500
  845 26722 2.927
  846 20540 2.228
  847  7663 11.301
  848 24097 4.047
  849  7767 5.129
  850  6288 3.956
  851 23473 3.994
  852  4661 4.074
  853  4400 1.479
  854 30138 15.609
  855 23576 2.711
  856 15525 11.457
  857 18066 5.957
  858 27084 10.860
  859 22696 3.032
  860 17877 6.904
  861 18596 15.635
  862  7480 1.723
  863 21844 15.670
  864 13635 1.836
  865 13616 5.039
  866 14523 4.045
  867 10739 1.838
  868 17147 6.597
  869 12512 11.028
  870 22790 8.948
  871 35276 11.124
  872 13223 8.674
  873 32942 2.682
  874  6321 5.508
  875  4997 3.364
  876  2018 3.477
  877 21787 17.395
  878  9809 4.759
  879 25781 10.645
  880  9198 18.210
  881 17716 4.630
  882 22715 1.812
  883 32434 2.269
  884 10055 6.007
  885  9696 4.268
  886 16109 8.910
  887 25747 24.365
  888  8303 2.450
  889 15740 64.520
  890 27145 4.456
  891 29651 5.614
  892 30767 22.152
  893 13385 3.695
  894 28864 2.203
  895 27534 3.055
  896  4379 2.150
  897  2367 4.956
  898 29289 5.309
  899  4299 2.780
  900  7705 2.218
  901 11832 0.742
  902 17355 0.665
  903  9149 1.062
  904 19138 8.490
  905 38675 4.962
  906 13164 22.480
  907 14783 39.715
  908 36784 3.638
  909 20609 3.955
  910 10480 16.233
  911 15838 4.241
  912 11968 1.163
  913  8119 2.459
  914 33531 3.174
  915 28355 4.636
  916 19146 8.494
  917 13079 1.574
  918 16688 0.610
  919  9889 0.520
  920  8763 1.584
  921 33877 2.893
  922  9101 0.862
  923 33931 1.816
  924 24294 4.403
  925  4674 4.501
  926 17767 2.200
  927 11050 2.480
  928 20060 4.952
  929 27518 2.516
  930 34782 14.677
  931 15009 8.178
  932    39 5.896
  933  8547 3.799
  934 10118 44.456
  935  7008 1.183
  936 34453 1.751
  937  6543 4.630
  938 16350 1.090
  939 19665 0.693
  940 23072 4.241
  941 10282 0.401
  942  9205 1.885
  943  5951 0.490
  944 10958 2.511
  945 18568 4.062
  946 13841 1.586
  947 14635 6.163
  948 12174 2.935
  949  6891 4.672
  950 11495 4.304
  951 27284 7.458
  952  4674 3.204
  953  7078 4.688
  954  7866 4.713
  955  5806 14.889
  956 25224 14.521
  957  2408 10.715
  958  5317 9.728
  959  4806 1.684
  960 12108 0.876
  961 12060 0.588
  962 30482 1.911
  963 13583 1.224
  964  4125 2.218
  965 19588 0.566
  966  6628 7.013
  967 12865 2.295
  968 12769 2.124
  969 10392 6.266
  970 10684 3.686
  971 10897 5.458
  972 16588 2.915
  973 13330 1.112
  974  9815 8.839
  975 28642 3.667
  976  1714 3.004
  977  9274 0.592
  978 14196 3.097
  979 12560 6.466
  980  9190 1.626
  981 23111 0.965
  982 22418 1.216
  983 28821 3.065
  984  3832 0.772
  985 13585 1.212
  986 35071 2.216
  987 29916 1.353
  988 37252 2.952
  989  1669 1.864
  990 11515 1.606
  991  5838 6.762
  992 14268 1.793
  993 28368 2.478
  994 18021 4.625
  995  9021 2.280
  996 22659 1.902
  997 18221 4.610
  998 22224 6.025
  999 26579 0.983
