    1  4670 1.444
    2 19750 4.580
    3 11947 2.371
    4  9411 0.851
    5  4528 2.907
    6  7556 4.066
    7  7936 2.555
    8 34457 8.866
    9  8042 2.969
   10   495 3.174
   11 16568 1.576
   12  4943 1.615
   13  3468 1.413
   14 18029 1.320
   15 21967 7.948
   16 20713 4.317
   17 24518 6.420
   18  5409 1.495
   19 41614 2.370
   20 17506 1.604
   21 21990 5.097
   22 18506 1.307
   23 19970 10.670
   24 13919 15.008
   25 11909 2.924
   26 15334 11.189
   27 37691 1.691
   28  2274 20.028
   29  4011 2.076
   30  9569 4.217
   31 18300 5.464
   32  6106 1.761
   33 29935 4.053
   34 18391 4.066
   35 29160 3.141
   36 15219 4.360
   37 35773 13.010
   38 14375 5.970
   39 23673 1.710
   40 13676 3.283
   41 12415 1.252
   42  5450 2.414
   43   871 14.512
   44 16505 1.953
   45 10298 20.019
   46  7105 1.867
   47 29070 1.761
   48 23235 5.378
   49 31168 5.600
   50 29673 0.806
   51   170 26.206
   52  5908 2.519
   53 27419 6.378
   54 17163 7.535
   55 10180 2.159
   56 35630 13.063
   57 19660 27.962
   58  8555 3.843
   59  7757 2.958
   60 14112 1.745
   61  8021 9.416
   62 17939 2.068
   63 23951 7.043
   64   812 29.513
   65 20397 3.055
   66 17963 3.164
   67 25076 10.638
   68 15313 7.819
   69  7951 3.353
   70 37227 10.038
   71 20996 9.548
   72 16159 2.344
   73 22440 4.500
   74   194 35.611
   75 24105 2.183
   76 24912 4.698
   77    32 1.469
   78 17205 6.066
   79 30305 17.405
   80 19593 8.448
   81 23049 2.691
   82 26174 17.083
   83  6615 3.091
   84  9090 6.144
   85 10724 2.330
   86 13053 3.185
   87  3071 5.068
   88 11501 4.505
   89 34335 21.502
   90  1972 1.919
   91 18119 1.013
   92 25329 3.217
   93 21684 18.849
   94  3445 4.345
   95 10300 4.230
   96  6657 0.963
   97  4805 1.561
   98  7319 2.287
   99 12500 2.402
  100 20732 11.928
  101 11473 5.537
  102 18573 4.294
  103  7482 1.929
  104 16415 9.075
  105 37469 4.323
  106 14535 8.546
  107 16864 7.485
  108 19181 8.169
  109 28750 14.350
  110  7264 4.792
  111 35020 8.052
  112 10790 23.773
  113 22562 6.301
  114 11266 4.656
  115 11202 5.376
  116 24219 1.272
  117 26568 3.722
  118  6871 5.485
  119 30038 5.192
  120 23460 1.789
  121 26526 8.536
  122 14068 3.998
  123 15635 7.005
  124   203 1.023
  125 29244 7.946
  126 19115 1.938
  127 17834 4.605
  128  3894 2.824
  129 13336 2.038
  130 17382 1.933
  131  4714 2.802
  132 14311 2.185
  133 16599 10.170
  134  9380 13.571
  135 26322 1.677
  136  7344 2.721
  137 32216 4.126
  138 38139 15.616
  139  4227 4.703
  140 19073 1.619
  141 22139 3.936
  142  4159 2.359
  143 26619 6.756
  144 28304 8.386
  145  6427 5.123
  146  9288 3.108
  147 35584 2.701
  148 11145 4.071
  149  8750 1.542
  150  4764 5.756
  151 12565 3.807
  152  8904 1.460
  153 20458 6.713
  154 13437 1.238
  155 12055 2.847
  156  8558 2.843
  157 15606 3.981
  158 15049 5.002
  159  2025 7.355
  160  5281 9.257
  161 22241 3.399
  162 32299 2.290
  163 14269 1.579
  164 29221 10.172
  165 22258 3.608
  166  3757 15.294
  167 30581 4.317
  168 24551 7.473
  169 19997 21.654
  170  4204 8.374
  171 11824 6.102
  172  2464 4.712
  173  6170 5.042
  174 19185 7.515
  175 12300 13.701
  176  9543 4.414
  177 21798 6.690
  178  4232 2.075
  179  3391 40.762
  180 19762 20.920
  181  8409 3.329
  182 10400 15.803
  183 11049 6.529
  184 40389 4.945
  185  6824 7.276
  186 21274 1.273
  187  7628 3.884
  188 31876 8.452
  189 15520 16.989
  190 31081 1.298
  191 17527 1.368
  192 26382 1.341
  193 17082 4.103
  194  9525 3.814
  195 13446 5.538
  196 28985 1.591
  197 19153 5.400
  198 18728 7.389
  199  6915 1.940
  200 19677 5.339
  201 23598 3.699
  202 29528 2.829
  203 19567 4.587
  204  7301 4.005
  205  9182 2.569
  206  7690 3.596
  207  8517 18.996
  208  4594 5.586
  209  3499 3.429
  210  7634 5.308
  211 24900 3.537
  212 15050 1.974
  213 18863 9.136
  214 15958 9.307
  215  7437 1.893
  216  5930 8.560
  217 15421 7.617
  218 10486 1.667
  219 36664 7.781
  220 23314 4.339
  221 18915 7.079
  222  8332 7.367
  223 10531 2.567
  224  8040 2.302
  225 30312 7.410
  226 27638 3.071
  227  5270 3.296
  228  6634 2.638
  229 17504 1.391
  230 27467 5.030
  231  9844 6.571
  232  4218 3.039
  233 15012 5.139
  234  6215 3.988
  235 20190 3.084
  236 22325 7.165
  237 12024 9.735
  238 30811 5.157
  239 10045 10.799
  240 11103 3.456
  241  6665 1.188
  242  4116 20.049
  243 12884 1.495
  244 30768 9.227
  245 12701 1.177
  246 12807 19.632
  247 14676 4.276
  248 20349 5.885
  249 21537 5.865
  250     9 1.892
  251 10150 10.583
  252 14457 3.780
  253 25033 11.975
  254 15237 1.410
  255  9471 4.461
  256 19222 3.736
  257 29321 19.609
  258 15731 1.507
  259 27624 4.021
  260 23180 3.922
  261 12090 1.793
  262 15619 4.432
  263  4639 14.843
  264 10486 1.628
  265  5737 3.125
  266 18609 1.995
  267 13183 7.151
  268  3495 5.896
  269  2937 3.258
  270  7729 1.297
  271 17050 3.700
  272 13612 5.966
  273 12044 21.249
  274 14210 3.278
  275  1413 13.164
  276 10431 1.576
  277  7604 6.447
  278 35419 4.201
  279 32759 2.454
  280  7713 1.903
  281 17140 6.756
  282 22468 4.452
  283  3977 4.689
  284 18430 4.795
  285 15495 2.065
  286 16268 3.687
  287 13021 13.059
  288  9615 6.247
  289  3236 1.508
  290  1018 4.660
  291  5990 3.072
  292  7691 5.468
  293 21608 16.966
  294  8328 3.389
  295 16090 11.079
  296 17719 1.279
  297 25720 4.534
  298 32237 9.645
  299 23186 4.552
  300 27850 2.169
  301  5752 5.372
  302 11203 2.484
  303 26960 10.219
  304 13828 15.226
  305 10925 6.511
  306 19057 3.572
  307  5191 11.825
  308  7453 4.322
  309 15339 2.543
  310 31792 14.968
  311 11370 1.533
  312  4005 2.816
  313 17763 3.040
  314  3809 5.520
  315 39364 2.635
  316  6949 4.491
  317  4427 8.854
  318 17065 3.009
  319 18984 23.027
  320  8185 2.188
  321  7167 10.864
  322 18128 13.214
  323  6594 4.143
  324 28646 9.703
  325  7428 2.201
  326 32317 4.473
  327 14624 5.146
  328  9097 1.022
  329 32104 17.270
  330 28133 3.508
  331   750 13.516
  332 18679 3.252
  333  7673 1.865
  334 13683 1.904
  335 16230 7.429
  336 11178 1.957
  337 18759 2.473
  338 27879 2.055
  339  3191 1.984
  340    95 17.079
  341 37684 2.756
  342 21310 2.663
  343 24605 2.126
  344 14421 2.896
  345  8528 2.518
  346 14472 4.787
  347  2263 17.015
  348  7476 9.366
  349  7892 3.747
  350 13749 2.212
  351 32558 4.637
  352 11561 15.542
  353 24221 4.977
  354 10019 10.313
  355 23632 2.559
  356 13379 11.377
  357 19834 8.141
  358 15399 25.890
  359  9509 2.309
  360 13379 5.938
  361 19250 3.627
  362 42438 6.570
  363  6866 4.479
  364 21032 3.254
  365 14726 5.972
  366  2906 9.248
  367 23449 10.161
  368 17948 11.566
  369 13421 2.425
  370 15983 6.259
  371 17679 2.545
  372  6302 7.776
  373 21286 4.940
  374  1980 13.674
  375 16524 4.576
  376 18913 10.124
  377 12738 2.931
  378  4894 8.772
  379 17281 1.567
  380 15618 1.015
  381  9804 1.449
  382 28546 6.220
  383 15883 14.944
  384 27277 4.986
  385 10874 3.960
  386  8101 3.701
  387  4795 1.830
  388 22429 5.511
  389 10416 11.173
  390 17543 5.833
  391 12187 1.813
  392  5797 5.550
  393 11566 2.951
  394 26194 6.897
  395  8446 3.779
  396  8855 1.462
  397 31844 22.351
  398 28215 2.894
  399 13956 6.265
  400  9439 3.831
  401 20039 2.318
  402  2601 17.989
  403 12498 13.269
  404  8302 8.768
  405 14396 4.129
  406  1799 5.011
  407  7609 3.003
  408 20911 8.655
  409 20093 18.574
  410 12566 1.568
  411  7572 4.203
  412 17386 40.744
  413 28057 2.628
  414 14433 9.775
  415 10198 1.473
  416 24015 11.307
  417 13124 1.773
  418 10969 4.724
  419 19219 2.017
  420  8466 2.035
  421  9568 2.043
  422  9659 7.846
  423 14899 16.192
  424 26433 2.340
  425 24346 2.482
  426     5 19.994
  427 26275 14.989
  428 24558 7.478
  429  4577 0.944
  430  8972 1.490
  431 21417 1.840
  432 13974 4.490
  433 21617 3.160
  434 29592 11.045
  435  6589 1.511
  436 12377 7.039
  437 21524 4.454
  438 10765 4.279
  439  6328 2.215
  440 30100 17.780
  441  7672 6.839
  442 11526 3.666
  443 19874 5.194
  444 26718 10.627
  445  6786 4.873
  446 12117 3.920
  447 12640 4.022
  448 27950 2.214
  449  6263 2.720
  450 35377 10.319
  451   124 17.600
  452  8838 2.852
  453 10420 9.136
  454 13393 5.172
  455  7503 1.589
  456  4897 2.122
  457 22747 7.598
  458  6881 3.543
  459 36046 5.544
  460 24370 24.547
  461  4751 1.768
  462  7220 4.255
  463 20925 13.160
  464  8199 9.165
  465 32120 2.092
  466 15164 9.027
  467  4681 1.549
  468 36242 4.030
  469  5182 4.887
  470   352 20.858
  471 39491 15.863
  472 12465 2.056
  473 13406 7.889
  474 11461 3.446
  475 26641 25.933
  476 13793 3.876
  477 22080 2.690
  478 15495 2.825
  479 17980 3.796
  480 18521 11.980
  481  4217 3.917
  482 29738 1.666
  483 24335 4.939
  484 14968 4.148
  485 21089 1.945
  486 30191 5.640
  487 15139 2.213
  488    19 1.849
  489 45401 9.377
  490  6777 6.969
  491  4233 15.616
  492 17391 5.706
  493    88 19.544
  494 11520 5.797
  495 26950 7.192
  496 27149 4.045
  497  1649 1.567
  498 38460 16.312
  499  3841 6.213
  500 11929 8.406
  501 13608 7.220
  502 19605 1.978
  503 13096 2.911
  504 21686 2.688
  505 16266 2.668
  506 15164 2.509
  507 36174 2.117
  508 28895 3.206
  509  9025 6.383
  510 26568 12.265
  511 11966 1.442
  512 28792 11.830
  513  6574 5.966
  514 21035 4.149
  515  4711 2.432
  516 32659 3.850
  517 36136 6.793
  518  5337 2.650
  519 11240 4.822
  520 28254 12.771
  521 19026 0.971
  522 21101 1.933
  523 38664 6.167
  524 27449 6.829
  525  9190 1.422
  526 13852 12.225
  527 21970 4.234
  528 11467 4.213
  529 11659 2.295
  530 14286 2.338
  531 11771 1.168
  532  5505 2.868
  533 28577 5.647
  534 15646 2.706
  535 12989 1.682
  536 15643 5.974
  537  6371 3.232
  538   780 14.975
  539 16153 3.234
  540 13965 3.114
  541 17149 21.740
  542 18570 9.765
  543 13351 16.213
  544  9232 6.169
  545 38155 2.321
  546 34249 15.112
  547 17106 3.451
  548 19822 21.294
  549 11892 1.041
  550  8714 2.263
  551 25072 21.870
  552  7947 2.444
  553 12683 14.002
  554 20595 9.687
  555  9881 2.255
  556 13534 6.653
  557 24322 4.972
  558 10167 12.767
  559 12647 3.937
  560 15081 1.716
  561 21739 2.554
  562  7398 2.103
  563 34973 4.083
  564  2968 2.725
  565 11950 2.839
  566 12005 1.185
  567  8073 2.122
  568 36971 2.283
  569 27499 13.430
  570 19745 1.409
  571 28765 10.785
  572 17716 2.787
  573 36289 3.050
  574 11768 0.969
  575 31680 3.035
  576 25154 13.704
  577 31425 8.996
  578 19457 6.978
  579  4937 4.389
  580 15867 13.322
  581 21366 11.771
  582 17190 2.510
  583    22 3.975
  584 12574 1.971
  585 32038 16.196
  586 14229 24.887
  587  6289 1.972
  588 22470 1.282
  589 12092 1.320
  590 25515 4.982
  591  9507 6.579
  592  7855 4.222
  593 16971 5.343
  594  9361 2.940
  595  9508 4.269
  596 21073 3.463
  597 32801 16.717
  598 10847 6.797
  599 14866 9.088
  600 13814 4.112
  601  7207 1.235
  602 15104 2.565
  603  9269 7.723
  604 24617 4.827
  605  7210 3.338
  606 42017 5.552
  607  6028 3.250
  608 14319 8.682
  609  5880 2.292
  610 24525 1.359
  611 30985 3.606
  612 18608 5.512
  613 36169 4.588
  614 15035 3.060
  615 21462 13.664
  616  5597 3.439
  617 28316 6.725
  618 11863 2.188
  619  7572 5.379
  620 17664 6.661
  621 19099 15.201
  622 20380 6.977
  623 22177 10.616
  624 32987 8.078
  625 22073 2.171
  626  8531 6.954
  627 25977 5.592
  628 27407 20.824
  629 11942 6.028
  630 12496 4.255
  631 37199 8.390
  632 11763 1.174
  633  5079 9.188
  634  9606 5.795
  635 15097 10.728
  636 13464 5.745
  637    68 7.131
  638  3699 1.269
  639 34982 1.880
  640 21218 6.055
  641 21532 1.503
  642  6789 1.117
  643 34292 18.411
  644 27208 1.909
  645 24275 8.731
  646 38937 11.875
  647  7439 2.891
  648  7177 2.526
  649   731 11.291
  650 13009 8.582
  651 22437 1.219
  652 30577 8.646
  653 16669 7.516
  654  8707 5.329
  655 17887 5.405
  656 10961 9.791
  657 16858 3.643
  658 11635 3.475
  659 12300 2.286
  660 15308 2.079
  661 15120 1.285
  662  3672 45.708
  663  9842 3.188
  664 14048 6.766
  665 21452 8.228
  666    56 10.570
  667 10993 4.115
  668 24587 2.610
  669  1969 2.082
  670 27692 12.319
  671  7234 1.465
  672 26271 9.644
  673 11741 5.189
  674 13116 9.184
  675 28897 6.224
  676 12929 17.940
  677 24379 6.034
  678 11589 2.000
  679  9394 9.093
  680 19699 23.813
  681  1752 4.417
  682  6828 6.019
  683 16083 8.877
  684  8546 19.058
  685 27077 1.812
  686 36855 4.170
  687 17688 3.695
  688  8530 10.808
  689 11844 1.256
  690 32579 3.899
  691 18196 3.327
  692 37035 9.778
  693 13393 4.758
  694  6391 2.290
  695  9149 7.584
  696    12 16.597
  697  4354 3.882
  698 24890 2.787
  699 21618 2.180
  700 38992 3.286
  701  7606 9.655
  702 21391 12.117
  703  9726 2.410
  704  8325 4.201
  705 38267 4.483
  706 22609 1.838
  707 26615 1.351
  708  9437 3.372
  709 17703 8.589
  710 15317 2.995
  711 15397 1.817
  712 17392 2.792
  713 20357 9.761
  714  9554 15.240
  715 33854 3.491
  716 10037 3.036
  717 34263 3.761
  718 37011 3.152
  719 26548 3.430
  720 19970 0.969
  721  8079 22.609
  722 26075 1.636
  723 28749 14.436
  724 27760 7.494
  725 16607 2.495
  726 26206 5.122
  727  7337 33.076
  728 11107 12.030
  729  6023 5.844
  730  7705 14.703
  731  4561 3.583
  732 31997 11.981
  733 24283 35.225
  734  9200 18.106
  735 14315 0.992
  736 27915 1.709
  737 42832 14.249
  738 22221 1.661
  739 31862 10.684
  740 11688 6.604
  741 13096 6.371
  742 10171 9.986
  743  5825 7.491
  744 12061 19.943
  745 16046 4.410
  746  6201 1.983
  747 29589 12.299
  748 15926 4.435
  749 14823 5.491
  750  5599 6.371
  751 14863 1.869
  752 20807 4.491
  753 22638 2.498
  754 10610 3.484
  755 25292 11.660
  756  7779 6.507
  757  6299 4.939
  758 13444 4.111
  759 15649 5.939
  760 11753 3.045
  761  8195 6.717
  762  3420 4.663
  763  8507 1.639
  764 33557 15.670
  765 20804 2.620
  766 24519 6.309
  767 15839 1.259
  768 33725 5.126
  769  9174 1.761
  770 26818 1.518
  771 24382 7.634
  772  6754 8.006
  773 12895 11.176
  774 12830 1.613
  775 24212 7.302
  776  4010 3.787
  777 10239 4.597
  778  4322 1.705
  779 31604 20.600
  780 12732 6.758
  781 30185 13.324
  782 24432 4.203
  783 10152 2.071
  784 24656 2.773
  785 14192 1.954
  786 17225 7.375
  787 17564 7.087
  788 23940 38.664
  789 30781 10.904
  790 19935 6.591
  791 32533 42.052
  792 11828 2.386
  793 14299 1.980
  794 13594 2.027
  795  4824 4.823
  796 11574 5.607
  797 26872 1.857
  798 15204 2.549
  799 11193 2.756
  800 10349 5.424
  801 14590 6.073
  802 15331 6.356
  803 11561 2.139
  804 27132 20.499
  805 13815 12.300
  806 25716 4.525
  807 24585 6.454
  808  4880 10.303
  809 15069 5.569
  810  7885 30.237
  811 37620 7.102
  812    18 2.670
  813   752 5.508
  814  5692 2.027
  815 20795 18.156
  816  8673 2.773
  817 17383 2.135
  818 24430 1.274
  819 13603 2.527
  820 10242 4.570
  821 11593 1.897
  822 18739 5.344
  823  5712 9.575
  824 15633 10.120
  825  9612 2.997
  826 28731 6.371
  827 20958 9.131
  828 15287 6.984
  829 34896 12.490
  830 17883 7.356
  831 36483 9.735
  832 24560 17.990
  833  6604 1.567
  834 10644 2.965
  835  5156 2.384
  836 24846 6.695
  837 11608 3.340
  838  5740 13.066
  839 21185 3.970
  840 30484 4.096
  841 15020 6.971
  842 10546 1.644
  843 24512 1.842
  844 34505 5.094
  845 26731 1.588
  846 20534 1.612
  847  7906 6.690
  848 24159 3.627
  849  7767 4.856
  850  6323 3.160
  851 23519 2.903
  852  4665 2.594
  853  4400 1.311
  854 30051 12.235
  855 23576 1.575
  856 15596 7.917
  857 18071 4.682
  858 26224 8.936
  859 22696 2.890
  860 17903 5.700
  861 18632 10.525
  862  7480 0.953
  863 21826 10.028
  864 13640 1.391
  865 13622 3.367
  866 14523 2.191
  867 10756 0.967
  868 17182 3.948
  869 12866 8.774
  870 22805 9.277
  871 35250 10.429
  872 13202 7.019
  873 32962 2.201
  874  6281 4.125
  875  4941 2.839
  876  2018 1.725
  877 21616 12.933
  878  9817 3.690
  879 25850 8.194
  880  9132 16.517
  881 17716 3.864
  882 22725 1.078
  883 32434 1.972
  884 10059 3.667
  885  9663 3.034
  886 16170 7.008
  887 25787 14.667
  888  8309 2.688
  889 15582 37.909
  890 27150 3.380
  891 29654 5.461
  892 30724 21.821
  893 13406 2.841
  894 28826 1.992
  895 27541 3.887
  896  4364 2.410
  897  2383 5.242
  898 29317 8.095
  899  4256 4.525
  900  7683 4.463
  901 11832 1.040
  902 17365 0.975
  903  9259 1.658
  904 19134 10.765
  905 38710 4.307
  906 13334 16.283
  907 14786 30.762
  908 36784 2.070
  909 20609 2.728
  910 10497 11.930
  911 15823 3.911
  912 11968 0.637
  913  8129 1.543
  914 33535 2.666
  915 28326 4.458
  916 19106 8.718
  917 13093 1.495
  918 16688 0.617
  919  9889 0.533
  920  8757 1.915
  921 33877 4.219
  922  9097 1.335
  923 33838 2.497
  924 24309 5.621
  925  4758 2.829
  926 17760 2.720
  927 11064 2.009
  928 20060 5.629
  929 27533 1.938
  930 34810 12.120
  931 15040 6.661
  932    39 2.782
  933  8547 2.818
  934  9826 36.266
  935  6995 1.332
  936 34468 2.861
  937  6571 5.226
  938 16338 0.925
  939 19665 1.116
  940 23050 6.605
  941 10282 0.569
  942  9218 3.107
  943  5951 0.617
  944 10731 3.860
  945 18413 5.311
  946 13841 1.357
  947 14629 6.120
  948 12186 2.121
  949  6898 2.921
  950 11557 4.311
  951 27244 5.168
  952  4674 2.134
  953  7091 2.659
  954  7851 4.438
  955  5882 10.045
  956 24994 10.777
  957  2417 8.753
  958  5483 8.997
  959  4768 1.910
  960 12108 0.988
  961 12053 0.779
  962 30194 2.474
  963 13597 2.199
  964  3996 3.054
  965 19584 0.634
  966  6503 9.871
  967 12865 1.614
  968 12763 1.571
  969 10396 4.528
  970 10699 3.126
  971 10921 3.530
  972 16587 3.664
  973 13330 1.002
  974  9833 9.998
  975 28034 4.658
  976  1700 4.936
  977  9289 0.618
  978 14091 4.602
  979 12272 10.952
  980  9185 2.273
  981 23143 1.448
  982 22473 2.431
  983 28846 7.637
  984  3792 1.339
  985 13605 2.203
  986 35079 3.058
  987 29934 2.230
  988 37252 2.760
  989  1764 1.600
  990 11515 1.927
  991  5843 4.783
  992 14279 1.370
  993 28368 1.684
  994 17818 4.290
  995  9044 2.181
  996 22635 1.841
  997 18192 6.559
  998 22193 7.018
  999 26579 0.990
