    1  4685 0.975
    2 19700 2.443
    3 11720 1.700
    4  9411 1.208
    5  4498 3.083
    6  7479 1.336
    7  7921 1.859
    8 34475 3.536
    9  7985 2.132
   10   191 1.710
   11 16568 1.007
   12  4915 1.188
   13  3452 1.131
   14 18083 1.057
   15 22135 3.444
   16 20778 3.052
   17 24346 1.976
   18  5409 1.257
   19 41631 1.720
   20 17457 1.567
   21 21776 2.771
   22 18506 1.306
   23 19651 6.563
   24 12860 7.668
   25 11713 2.989
   26 15210 4.728
   27 37689 1.156
   28   262 5.420
   29  3966 1.750
   30  9541 3.179
   31 18192 3.998
   32  6106 1.675
   33 29835 1.476
   34 18335 2.215
   35 29060 2.233
   36 15134 3.109
   37 35413 8.942
   38 14280 3.760
   39 23673 1.378
   40 13469 2.422
   41 12433 0.978
   42  5615 1.580
   43   882 2.984
   44 16499 2.029
   45 10144 7.528
   46  7060 1.556
   47 29072 1.303
   48 23214 2.637
   49 31155 3.601
   50 29673 0.980
   51   164 1.474
   52  5802 1.829
   53 26897 2.510
   54 17043 3.928
   55 10132 1.330
   56 35291 16.345
   57 19198 5.850
   58  8510 2.231
   59  7728 1.431
   60 14104 1.310
   61  8010 9.795
   62 17795 2.167
   63 23951 7.307
   64   543 2.746
   65 20389 2.449
   66 17806 2.506
   67 25227 6.969
   68 14792 6.561
   69  8026 2.620
   70 35357 4.731
   71 21146 5.004
   72 16159 1.536
   73 22483 1.932
   74   252 9.364
   75 24106 2.180
   76 24894 3.790
   77    24 1.000
   78 17121 2.220
   79 29830 9.624
   80 19260 3.948
   81 23050 2.584
   82 26048 8.400
   83  6588 2.636
   84  8998 2.619
   85 10776 1.494
   86 12967 2.666
   87  3063 6.191
   88 11538 2.253
   89 34270 16.597
   90  1912 2.184
   91 18114 1.134
   92 25277 2.409
   93 21127 9.562
   94  3276 3.112
   95 10291 2.205
   96  6657 1.166
   97  4691 1.571
   98  7274 2.359
   99 12494 1.805
  100 20513 17.725
  101 11462 3.820
  102 18460 2.390
  103  7482 1.504
  104 16307 5.301
  105 37319 2.200
  106 14523 6.557
  107 16568 4.147
  108 19121 6.007
  109 28812 6.998
  110  6754 2.618
  111 35126 4.165
  112 10569 21.317
  113 22554 6.708
  114 11096 1.768
  115 11077 2.366
  116 24219 1.224
  117 26558 1.291
  118  6840 2.059
  119 30038 3.716
  120 23463 1.282
  121 26267 5.803
  122 14101 3.544
  123 15637 4.392
  124   203 0.845
  125 29236 2.867
  126 19147 1.043
  127   260 1.071
  128  3850 2.093
  129 13334 2.303
  130 17379 1.546
  131  4678 2.321
  132 14311 2.319
  133 15110 12.463
  134  6758 5.147
  135 26322 1.588
  136  7326 1.765
  137 32200 1.973
  138 37777 6.539
  139  4201 3.924
  140 19027 1.822
  141 21886 4.938
  142  4068 2.346
  143 26444 7.831
  144 28274 4.028
  145  6369 3.154
  146  9189 2.447
  147 35578 2.886
  148 11138 4.019
  149  8698 2.469
  150  4691 3.084
  151 12364 1.554
  152  8904 1.467
  153 20249 6.098
  154 13437 0.817
  155 12163 1.638
  156  8568 1.758
  157 15395 1.946
  158 14985 4.197
  159  1831 6.519
  160  5147 4.966
  161 22211 2.149
  162 32239 1.774
  163 14269 1.447
  164 29087 5.281
  165 22230 2.001
  166  3204 8.872
  167 30897 3.798
  168 24551 7.038
  169 19156 17.534
  170  4304 4.895
  171 11769 7.943
  172   424 1.442
  173  6112 3.366
  174 19044 5.206
  175 12035 7.272
  176  9923 1.912
  177 21478 5.568
  178  4195 1.795
  179  2187 20.745
  180 19662 6.636
  181  8541 1.838
  182  9967 4.926
  183 10964 2.722
  184 40367 1.969
  185  6783 5.424
  186 21274 1.159
  187  7364 2.481
  188 31827 5.415
  189 15170 8.303
  190 31081 1.268
  191 17507 1.804
  192 26382 1.388
  193 17332 3.304
  194  9491 1.240
  195 13260 2.582
  196 28933 1.326
  197 18997 3.088
  198 18194 3.478
  199  6915 2.943
  200 19594 2.926
  201 23602 2.797
  202 29483 1.847
  203 19502 1.866
  204  7231 2.855
  205  9175 2.318
  206  7638 3.039
  207  8322 8.894
  208  4470 2.859
  209  3381 3.969
  210  7280 3.426
  211 24900 3.854
  212 15050 2.323
  213 18403 5.130
  214 15897 3.568
  215  7570 1.703
  216  5920 4.636
  217 15239 2.984
  218 10469 1.705
  219 36604 3.728
  220 23233 2.776
  221 18879 5.656
  222  8002 4.824
  223 10723 2.204
  224  8040 2.534
  225 29500 6.692
  226 27642 2.782
  227  4801 2.545
  228  6519 1.494
  229 17489 1.272
  230 27298 1.930
  231 10013 4.405
  232  4166 1.665
  233 15251 4.138
  234  6201 3.646
  235 20108 2.203
  236 22327 4.406
  237 12337 6.722
  238 30734 4.927
  239 10006 7.462
  240 11051 2.474
  241  6665 1.504
  242  2382 3.847
  243 12884 1.410
  244 31057 4.866
  245 12698 1.131
  246 12085 6.720
  247 14549 3.254
  248 20406 2.210
  249 21416 5.832
  250    13 1.057
  251  9928 1.913
  252 14499 2.402
  253 24967 5.961
  254 15237 1.121
  255  9397 2.888
  256 18966 3.150
  257 28616 9.386
  258 15680 1.242
  259 27736 3.093
  260 23120 1.962
  261 12090 1.767
  262 16012 2.372
  263  3980 7.277
  264 10475 1.420
  265  5731 2.398
  266 18618 1.584
  267 12239 3.145
  268  3796 2.887
  269  2947 2.176
  270  7707 1.058
  271 17042 2.560
  272 13052 2.824
  273 10854 7.071
  274 14188 2.985
  275   841 2.392
  276 10228 1.230
  277  7670 3.659
  278 35347 3.156
  279 32765 2.226
  280  7592 2.392
  281 17116 4.073
  282 22258 2.984
  283  3940 2.675
  284 18236 9.204
  285 15492 1.617
  286 16183 2.142
  287 13022 6.258
  288  9626 4.510
  289  3214 1.075
  290  1000 0.978
  291  5990 4.112
  292  7605 2.107
  293 21626 9.741
  294  8262 1.977
  295 16048 6.863
  296 17652 0.816
  297 25715 2.674
  298 32293 17.271
  299 23238 2.615
  300 27850 1.642
  301  5573 3.635
  302 11384 1.864
  303 27193 6.934
  304 13287 9.259
  305 10744 3.556
  306 19095 2.052
  307  4872 5.728
  308  7372 2.651
  309 15339 1.890
  310 31687 4.995
  311 11370 1.288
  312  3893 2.182
  313 17757 1.891
  314  3583 3.560
  315 39358 1.904
  316  6832 3.811
  317  4313 4.315
  318 17076 1.757
  319 18005 14.640
  320  8145 1.464
  321  6774 4.729
  322 17760 5.790
  323  6587 2.670
  324 28450 4.098
  325  7608 2.131
  326 32313 2.247
  327 14726 5.006
  328  9101 0.902
  329 32044 9.666
  330 28114 1.870
  331   404 1.323
  332 18934 2.349
  333  7673 1.462
  334 13698 1.557
  335 16189 4.693
  336 11160 1.412
  337 18741 1.727
  338 27873 1.395
  339  3191 0.882
  340    72 2.547
  341 37663 1.683
  342 21324 1.731
  343 24605 1.849
  344 14396 1.314
  345  8492 1.712
  346 15070 2.589
  347  2044 8.648
  348  7391 3.604
  349  7892 2.127
  350 13749 2.087
  351 32554 2.208
  352 11307 7.984
  353 24344 2.498
  354  9620 6.232
  355 23605 1.612
  356 12887 3.861
  357 19833 7.615
  358 15314 8.080
  359  9489 1.298
  360 13294 4.225
  361 19709 2.420
  362 42442 3.323
  363  6860 4.620
  364 21025 1.618
  365 14902 4.401
  366  2835 7.762
  367 23368 4.575
  368 17801 5.521
  369 13458 2.454
  370 15906 7.984
  371 17703 2.700
  372  6417 5.493
  373 20762 3.315
  374   389 6.289
  375 16813 2.758
  376 18705 4.330
  377 12703 3.083
  378  4702 4.164
  379 17281 1.434
  380 15583 0.903
  381  9804 1.111
  382 28459 2.673
  383 16753 7.036
  384 27259 3.240
  385 10919 1.899
  386  8087 2.864
  387  4775 1.390
  388 22046 2.291
  389 10414 3.867
  390 17738 2.897
  391 12192 1.574
  392  5653 3.917
  393 11498 1.882
  394 26144 3.858
  395  8476 3.048
  396  8842 1.100
  397 31658 8.781
  398 28208 2.285
  399 13864 4.847
  400  9414 1.727
  401 20034 1.467
  402    86 2.405
  403 12385 4.905
  404  8153 5.263
  405 14288 3.199
  406  1692 7.432
  407  7563 2.378
  408 20394 7.705
  409 19993 10.575
  410 12564 1.067
  411  7543 2.058
  412 17165 19.403
  413 28025 1.616
  414 14011 5.776
  415 10178 1.056
  416  1935 1.861
  417 13100 1.450
  418 10708 3.559
  419 19210 1.391
  420  8407 1.454
  421  9489 1.680
  422  9576 3.617
  423 14789 7.387
  424 26438 1.346
  425 24338 1.621
  426     5 0.977
  427 26190 5.246
  428 24491 2.771
  429  4577 0.869
  430  8954 1.075
  431 21417 1.324
  432 13998 2.719
  433 21616 1.548
  434 29389 4.836
  435  6589 1.402
  436 12778 5.089
  437 21506 2.608
  438 10759 7.289
  439  6260 1.854
  440 29965 7.902
  441  7597 2.385
  442 11516 2.388
  443 19764 3.002
  444 26628 4.132
  445  6880 6.508
  446 11973 4.235
  447 12375 1.938
  448 27877 1.850
  449  6257 1.328
  450 34717 4.557
  451   124 1.265
  452  8825 2.514
  453 10796 4.809
  454 13166 3.541
  455  7487 1.390
  456  4815 1.407
  457 22699 3.727
  458  6741 2.852
  459 35936 2.303
  460 23799 21.228
  461  4749 1.531
  462  7220 5.858
  463 21013 12.885
  464  8076 3.715
  465 32058 1.217
  466 15083 1.904
  467  4612 1.247
  468 36279 2.337
  469  5150 1.972
  470    35 5.664
  471 39454 6.394
  472 12444 1.489
  473 14029 3.929
  474 11565 2.682
  475 26692 17.476
  476 13770 2.854
  477 22029 2.907
  478 15495 2.612
  479 17821 2.716
  480 18457 5.025
  481  3614 4.462
  482 29753 1.304
  483 24276 3.769
  484 14954 2.387
  485 21041 1.192
  486 30176 2.840
  487 15161 1.376
  488    19 0.911
  489 45422 3.164
  490  6754 3.042
  491  4290 13.606
  492 17303 1.853
  493    52 0.874
  494 11437 8.163
  495 26922 6.905
  496 27080 2.526
  497  1627 1.221
  498 38242 7.861
  499  3866 3.080
  500 11754 4.458
  501 13733 4.938
  502 19398 1.582
  503 13061 2.181
  504 21633 1.273
  505 16246 1.780
  506 15154 2.076
  507 36150 1.496
  508 28895 2.346
  509  9197 5.170
  510 26433 5.799
  511 11966 1.446
  512 29769 7.341
  513  6528 2.039
  514 21020 2.214
  515  4701 1.519
  516 32669 3.097
  517 36014 2.569
  518  5338 1.815
  519 11223 3.806
  520 28083 3.528
  521 19016 0.958
  522 21096 1.284
  523 38568 2.370
  524 27543 4.074
  525  9187 1.156
  526 13682 5.159
  527 21956 2.563
  528 11480 2.729
  529 11663 1.437
  530 14466 1.363
  531 11771 0.987
  532  5374 2.248
  533 28663 3.103
  534 15629 2.416
  535 12965 1.399
  536 15655 3.826
  537  5991 1.553
  538   604 4.915
  539 16111 1.896
  540 13952 1.662
  541 16628 11.207
  542 18393 12.778
  543 13072 5.487
  544  9083 2.957
  545 38151 1.760
  546 33944 9.751
  547 17097 1.356
  548 17461 5.263
  549 11892 0.939
  550  8677 1.575
  551 24903 9.581
  552  7771 2.226
  553 12566 6.195
  554 20592 4.521
  555  9577 1.518
  556 13328 8.151
  557 24293 2.964
  558  9840 5.771
  559 12262 5.396
  560 15145 1.895
  561 21706 3.530
  562  7396 1.827
  563 34959 1.952
  564  2949 2.643
  565 11748 1.912
  566 12005 1.029
  567  8145 2.154
  568 36971 1.758
  569 27549 6.676
  570 19745 1.546
  571 28665 4.418
  572 17612 1.851
  573 36270 4.539
  574 11768 1.302
  575 31677 2.036
  576 23640 11.754
  577 30926 5.187
  578 19323 5.914
  579  4949 2.489
  580 15731 7.885
  581 21051 3.317
  582 17192 2.270
  583    22 0.744
  584 12759 1.622
  585 32106 11.045
  586 13880 6.333
  587  6051 2.388
  588 22470 0.963
  589 12106 1.005
  590 25449 5.999
  591  9394 6.077
  592  8048 3.251
  593 17495 4.262
  594  9445 2.072
  595  9410 1.818
  596 21004 2.608
  597 32871 9.400
  598 10712 4.053
  599 15154 2.576
  600 13850 2.059
  601  7207 0.946
  602 15076 1.563
  603  9019 5.228
  604 24599 2.761
  605  7130 2.441
  606 42023 3.711
  607  5861 1.733
  608 14259 5.376
  609  5868 1.835
  610 24525 1.286
  611 30922 1.634
  612 18713 4.130
  613 36218 2.337
  614 15013 1.545
  615 21176 7.328
  616  5594 1.859
  617 28230 3.827
  618 11857 1.497
  619  7476 2.314
  620 17641 3.174
  621 19779 8.357
  622 20344 4.103
  623 22372 5.563
  624 32945 4.553
  625 22017 1.508
  626  8456 3.479
  627 25908 2.927
  628 27191 10.865
  629 11926 1.947
  630 12501 2.955
  631 39049 8.580
  632 11763 1.292
  633  5095 4.791
  634  9555 1.910
  635 15012 4.555
  636 13453 3.574
  637    62 1.640
  638  3686 1.139
  639 35063 1.387
  640 21099 3.692
  641 21532 1.079
  642  6789 0.980
  643 34210 6.185
  644 27258 1.329
  645 24178 4.341
  646 39086 4.902
  647  7371 1.362
  648  7174 1.647
  649   687 4.564
  650 12888 3.888
  651 22406 1.142
  652 30635 6.450
  653 16598 2.982
  654  8793 2.820
  655 17840 1.917
  656 10761 5.661
  657 16846 2.500
  658 11540 3.304
  659 12292 1.182
  660 15308 2.018
  661 15094 1.254
  662  3130 20.995
  663  9842 2.383
  664 13400 4.534
  665 21423 4.046
  666    35 1.137
  667 10602 2.752
  668 23761 1.935
  669    78 0.739
  670 27403 4.965
  671  7234 1.018
  672 26464 5.610
  673 11668 4.144
  674 13051 5.937
  675 28887 2.167
  676 12908 18.617
  677 24286 3.384
  678 11589 2.383
  679  9285 4.185
  680 19935 13.374
  681  1529 3.326
  682  6666 5.147
  683 15886 3.137
  684  8658 10.196
  685 27077 1.662
  686 36815 1.532
  687 17660 2.163
  688  8387 3.970
  689 11844 1.457
  690 32539 2.289
  691 18187 1.813
  692 36913 4.150
  693 13377 4.863
  694  6329 1.093
  695  8530 4.918
  696    12 2.695
  697  4530 3.241
  698 24874 1.551
  699 21629 1.497
  700 38920 1.951
  701  7456 5.867
  702 21261 5.690
  703  9695 1.237
  704  8289 1.963
  705 38218 2.121
  706 22690 1.759
  707 26616 0.961
  708  9400 2.623
  709 17650 3.314
  710 15306 2.702
  711 15317 1.268
  712 17380 4.175
  713 20060 4.223
  714  9488 5.884
  715 33818 2.410
  716 10014 2.037
  717 34177 1.805
  718 36993 1.921
  719 26539 2.176
  720 19970 1.156
  721  7697 9.590
  722 26053 1.361
  723 28731 13.146
  724 27784 2.947
  725 16628 1.506
  726 26064 2.338
  727  7356 11.872
  728 11499 7.939
  729  5967 2.776
  730  5897 7.142
  731  4550 1.989
  732 31993 6.421
  733 24056 15.103
  734  9196 16.798
  735 14311 1.595
  736 27915 1.168
  737 42842 5.995
  738 22228 1.129
  739 31846 5.296
  740 12136 3.482
  741 13126 3.856
  742 10158 4.676
  743  5711 6.446
  744 11843 10.778
  745 15970 3.603
  746  6201 1.665
  747 29551 4.828
  748 15916 3.047
  749 14823 3.651
  750  5538 2.814
  751 14863 1.875
  752 20814 2.666
  753 22638 1.583
  754 10568 1.958
  755 24752 3.122
  756  7755 3.691
  757  6299 5.955
  758 13430 2.210
  759 15885 3.069
  760 11737 1.826
  761  8138 3.255
  762  3392 2.676
  763  8501 1.111
  764 33687 6.766
  765 20737 2.515
  766 24788 2.831
  767 15839 1.034
  768 33719 3.311
  769  9228 1.332
  770 26818 1.062
  771 24729 3.997
  772  6688 3.790
  773 12922 5.322
  774 12820 1.343
  775 24134 3.798
  776  4014 2.149
  777 10086 3.101
  778  4325 1.227
  779 31186 8.328
  780 12758 3.834
  781 30205 4.642
  782 24460 1.946
  783 10096 1.698
  784 24477 1.716
  785 14192 1.402
  786 17228 2.480
  787 17529 4.335
  788 23928 20.596
  789 30719 5.197
  790 19771 11.456
  791 29627 20.946
  792 11577 3.776
  793 14289 1.012
  794 13533 0.668
  795  4703 2.198
  796 11184 2.725
  797 26903 1.406
  798 15179 1.272
  799 11101 1.863
  800 10349 4.682
  801 14610 3.120
  802 15313 3.154
  803 11561 1.360
  804 27155 8.553
  805 13597 5.026
  806 25692 3.498
  807 24544 3.084
  808  4569 5.858
  809 15052 1.678
  810  7903 12.796
  811 37559 3.051
  812    18 1.047
  813   300 2.208
  814  5681 1.909
  815 20554 13.105
  816  8586 3.821
  817 17081 2.555
  818 24293 1.338
  819 13408 1.312
  820 10252 3.180
  821 11589 1.481
  822 18720 2.962
  823  5680 7.391
  824 15617 5.568
  825  9434 2.010
  826 28534 2.795
  827 20562 3.812
  828 15082 5.341
  829 34816 14.406
  830 17764 2.917
  831 36499 3.449
  832 24625 7.998
  833  6614 1.322
  834 10610 1.741
  835  5151 1.979
  836 24769 3.557
  837 11811 2.196
  838  5838 3.694
  839 21149 1.335
  840 30496 1.620
  841 14938 4.511
  842 10540 1.251
  843 24545 1.707
  844 35251 2.593
  845 26722 1.297
  846 20534 1.101
  847  7444 4.506
  848 24073 2.831
  849  7699 3.571
  850  6278 2.484
  851 23497 2.390
  852  4454 2.146
  853  4400 1.034
  854 30125 5.674
  855 23596 1.806
  856 15111 3.640
  857 18021 2.258
  858 26031 3.849
  859 22696 2.175
  860 17833 3.693
  861 18560 5.633
  862  7479 0.848
  863 21449 4.266
  864 13630 1.244
  865 13568 0.993
  866 14523 1.852
  867 10728 0.802
  868 17132 2.282
  869 11915 5.120
  870 22748 3.273
  871 35246 4.510
  872 13196 9.547
  873 32831 1.356
  874  6235 3.049
  875  5018 1.937
  876  2018 1.261
  877 21473 10.261
  878  9807 3.388
  879 25823 3.410
  880  8975 9.224
  881 17646 2.841
  882 22715 0.830
  883 32434 1.422
  884  9925 3.277
  885  9796 1.949
  886 16017 4.382
  887 25689 6.140
  888  8303 1.821
  889 14091 12.524
  890 27038 2.368
  891 29617 1.941
  892 30571 8.350
  893 13341 2.601
  894 28617 1.894
  895 27520 2.743
  896  4363 2.803
  897  2321 9.130
  898 29280 4.336
  899  4203 3.475
  900  7649 2.045
  901 11820 1.216
  902 17325 0.793
  903  8974 0.780
  904 18808 6.124
  905 38530 1.656
  906 12810 8.674
  907 12865 20.821
  908 36784 2.018
  909 20609 2.279
  910 10400 8.391
  911 15837 2.883
  912 11968 0.954
  913  8116 2.184
  914 33519 3.128
  915 28144 2.354
  916 19116 4.471
  917 13073 1.148
  918 16688 0.563
  919  9889 0.471
  920  8686 1.177
  921 33895 2.475
  922  9101 0.970
  923 33957 1.379
  924 24042 5.194
  925  4677 2.099
  926 17753 1.279
  927 11042 1.243
  928 20060 1.455
  929 27488 1.246
  930 34729 5.296
  931 14622 3.163
  932    39 1.368
  933  8526 2.648
  934  9758 22.589
  935  6961 1.229
  936 34400 2.346
  937  6480 2.614
  938 16326 1.479
  939 19665 1.326
  940 23049 7.529
  941 10282 0.463
  942  9176 1.425
  943  5951 0.556
  944 10833 2.945
  945 18387 2.648
  946 13828 1.243
  947 14567 2.734
  948 12173 1.719
  949  6879 2.103
  950 11439 2.895
  951 27312 2.427
  952  4727 2.193
  953  7009 1.499
  954  7891 3.475
  955  5774 4.452
  956 25172 6.679
  957  2390 4.100
  958  5201 8.989
  959  4977 2.657
  960 12036 1.062
  961 12050 0.905
  962 30414 2.123
  963 13583 1.138
  964  3564 3.944
  965 19588 0.576
  966  6144 5.734
  967 12789 1.850
  968 12702 1.849
  969 10208 2.403
  970 10678 1.748
  971 10841 2.014
  972 16531 3.714
  973 13330 1.008
  974  9807 3.983
  975 28620 3.125
  976  1721 5.100
  977  9274 0.615
  978 14232 3.057
  979 12555 5.593
  980  9030 1.494
  981 23113 1.244
  982 22396 2.102
  983 28801 2.742
  984  3916 0.916
  985 13595 1.489
  986 35005 2.337
  987 29916 0.991
  988 37240 1.639
  989  2100 1.243
  990 11515 1.760
  991  5831 5.612
  992 14235 1.232
  993 28362 1.494
  994 17967 3.140
  995  9021 1.665
  996 22659 1.653
  997 18196 4.333
  998 22239 3.450
  999 26625 1.216
