    1  4658 0.850
    2 18756 1.535
    3 11401 1.205
    4  9391 0.831
    5  4487 1.446
    6  7520 0.987
    7  7894 1.821
    8 34477 2.056
    9  7882 2.969
   10   185 1.204
   11 16543 0.785
   12  4853 1.410
   13  3448 1.179
   14 18023 1.170
   15 21680 1.776
   16 20430 2.550
   17 24299 1.519
   18  5411 1.255
   19 41647 1.688
   20 17438 0.961
   21 21816 2.521
   22 18463 1.344
   23 19240 5.738
   24 12876 2.946
   25 11689 2.328
   26 14300 4.993
   27 37643 1.359
   28   199 1.979
   29  4003 1.337
   30  9510 1.763
   31 18088 1.721
   32  6048 1.418
   33 30013 0.982
   34 18156 1.332
   35 29060 2.224
   36 14213 2.530
   37 33841 3.397
   38 13987 2.547
   39 23559 1.344
   40 13148 2.427
   41 12428 0.668
   42  5758 1.200
   43   560 1.807
   44 16261 1.590
   45  8999 4.035
   46  7099 1.423
   47 28886 1.508
   48 23181 1.655
   49 30786 2.801
   50 29613 0.706
   51   250 1.259
   52  5698 1.621
   53 26450 1.626
   54 16736 1.799
   55 10155 1.042
   56 34774 9.356
   57 17614 4.832
   58  8515 1.640
   59  6605 1.209
   60 14093 0.914
   61  7934 3.218
   62 17708 1.550
   63 23759 2.213
   64   151 1.142
   65 20065 1.521
   66 17518 2.079
   67 24909 2.253
   68 15036 2.256
   69  8020 1.688
   70 35011 3.470
   71 21036 2.458
   72 16055 1.511
   73 22510 1.362
   74    86 1.755
   75 24098 1.535
   76 24863 1.991
   77    24 0.705
   78 16900 1.375
   79 29583 4.492
   80  1000 0.939
   81 23090 1.632
   82 25824 4.259
   83  6166 2.788
   84  8648 1.314
   85 10788 1.197
   86 12971 1.759
   87  2061 2.868
   88 11494 1.858
   89 33504 5.158
   90  1826 1.328
   91 18065 1.011
   92 23924 1.724
   93 20933 3.565
   94  3227 1.377
   95 10298 1.378
   96  6603 1.020
   97  4655 1.586
   98  7289 1.416
   99 12410 1.574
  100 20703 4.326
  101 11109 2.110
  102 18623 1.562
  103  7479 1.152
  104 16311 2.560
  105 37084 2.242
  106 14256 2.227
  107 16210 2.612
  108 18909 2.939
  109 28090 3.255
  110  6990 1.386
  111 35437 3.566
  112 10676 3.900
  113 22394 2.878
  114 10598 2.410
  115 11092 1.646
  116 24198 1.114
  117 26391 1.591
  118  6817 1.363
  119 29822 1.968
  120 23457 1.149
  121 26283 2.343
  122 13966 2.492
  123 15475 4.384
  124   203 0.768
  125 28585 2.441
  126 19106 1.219
  127     0 1.121
  128  3693 2.251
  129 13151 1.576
  130 17299 1.192
  131  4297 1.727
  132 14255 1.478
  133 15906 3.433
  134  6415 2.303
  135 26343 1.253
  136  7301 1.383
  137 31818 1.964
  138 36726 5.706
  139  3670 2.418
  140 18927 1.385
  141 21541 2.755
  142  4063 1.653
  143 26183 3.056
  144 27754 2.515
  145  5720 1.764
  146  8966 2.382
  147 35248 2.656
  148 10956 2.232
  149  8706 1.184
  150  4504 2.013
  151 12255 0.883
  152  8905 1.442
  153 19940 3.427
  154 13303 1.072
  155 12177 1.326
  156  8314 1.526
  157 15253 1.979
  158 14607 2.062
  159   729 3.468
  160  4924 2.145
  161 22008 1.471
  162 31979 1.820
  163 14147 1.643
  164 29008 2.432
  165 22209 1.392
  166  2756 2.725
  167 30626 2.893
  168 24489 2.241
  169 19284 6.098
  170  3972 2.528
  171 11545 2.426
  172    32 0.891
  173  6126 1.874
  174 18486 2.835
  175 11994 3.458
  176  9916 1.082
  177 21434 2.685
  178  4195 1.145
  179  3217 5.466
  180 19671 3.083
  181  6783 0.783
  182  8079 4.033
  183 10966 1.714
  184 39997 1.752
  185  6396 2.653
  186 21178 1.337
  187  7678 1.684
  188 31736 3.334
  189 15151 2.893
  190 30919 1.512
  191 16786 2.456
  192 26354 1.196
  193 17207 1.408
  194  9349 1.421
  195 13094 1.087
  196 28930 1.119
  197 18616 1.662
  198 18402 1.801
  199  6792 2.167
  200 19592 1.459
  201 23590 1.451
  202 28957 1.693
  203 19396 1.997
  204  6263 1.611
  205  9061 1.391
  206  7645 1.771
  207  7538 4.986
  208  4450 1.606
  209  3573 1.661
  210  7221 1.959
  211 24860 2.078
  212 15020 1.367
  213 18243 2.223
  214 15563 2.314
  215  7603 1.130
  216  5347 3.936
  217 15011 2.240
  218 10427 1.090
  219 35881 4.440
  220 23104 1.886
  221 18159 1.551
  222  7084 3.245
  223 10711 1.356
  224  8014 1.323
  225 28759 2.493
  226 27639 1.624
  227  4738 1.513
  228  6516 1.102
  229 17478 0.954
  230 27002 1.445
  231  8415 2.937
  232  4147 1.280
  233 15839 1.791
  234  5526 2.521
  235 19872 2.478
  236 22207 2.966
  237 12507 4.374
  238 30608 2.920
  239  9959 3.293
  240 11077 1.542
  241  6646 0.914
  242  4567 2.355
  243 12629 1.380
  244 30943 2.041
  245 12714 0.937
  246 10700 4.150
  247 13826 3.160
  248 20043 1.918
  249 20794 3.658
  250    13 0.926
  251 10042 1.539
  252 13866 1.378
  253 24237 3.475
  254 15219 0.887
  255  9001 2.295
  256 18974 1.878
  257 27866 6.157
  258 14158 1.157
  259 26449 1.765
  260 22882 1.525
  261 12003 1.252
  262 14898 1.965
  263  4292 2.462
  264 10476 0.868
  265  5670 2.393
  266 18616 1.529
  267 12121 2.059
  268  3186 1.885
  269  2941 2.125
  270  7707 1.112
  271 17018 1.378
  272 12819 1.382
  273 13839 4.762
  274 13922 2.689
  275     5 0.965
  276 10263 1.239
  277  7334 2.116
  278 35125 2.205
  279 32493 2.218
  280  7567 1.679
  281 16948 2.266
  282 22090 1.376
  283  3936 2.348
  284 18307 3.241
  285 13968 1.019
  286 16199 1.415
  287 12597 3.832
  288  9161 3.242
  289  3250 1.173
  290  1000 1.158
  291  5918 1.977
  292  7531 1.745
  293 20972 5.371
  294  8282 1.368
  295 16306 2.956
  296 17474 0.714
  297 25615 2.112
  298 32233 4.706
  299 22719 2.144
  300 27738 1.946
  301  5479 1.590
  302 11402 1.342
  303 27113 4.774
  304 12886 5.526
  305 10519 1.589
  306     0 0.973
  307  4754 3.254
  308  7316 2.071
  309 15375 1.083
  310 31710 2.704
  311 11290 1.379
  312  3750 1.643
  313 17601 2.203
  314  2543 1.038
  315 39281 1.700
  316  7073 1.655
  317  3589 3.640
  318 17046 1.725
  319 18246 9.768
  320  8127 1.137
  321  6675 2.422
  322 16641 12.004
  323  6032 1.816
  324 28304 3.156
  325  7613 1.481
  326 32307 2.182
  327 14405 2.664
  328  8966 0.992
  329 31665 4.573
  330 28016 1.393
  331   358 1.047
  332 18851 1.451
  333  7527 1.327
  334 13667 1.133
  335 16098 2.649
  336 11067 1.247
  337 18617 1.753
  338 27841 1.319
  339  3194 0.825
  340    49 1.048
  341 37422 1.546
  342 21291 1.402
  343 24435 1.192
  344 14386 1.319
  345  8458 1.723
  346 14765 1.975
  347   583 3.600
  348  6932 2.869
  349  7656 2.389
  350 13753 1.306
  351 32326 1.671
  352 10567 2.620
  353 24297 2.082
  354  9302 3.029
  355 23294 1.879
  356 12744 1.748
  357 19773 2.948
  358 14635 3.286
  359  9489 1.350
  360 12802 3.982
  361 19769 1.782
  362 42170 2.531
  363  5384 2.201
  364 20881 1.588
  365 14767 2.778
  366  2689 6.249
  367 22984 4.879
  368 17430 3.783
  369 12853 2.482
  370 15898 3.134
  371 17661 1.741
  372  6228 1.637
  373 20934 2.369
  374   751 1.851
  375 16435 2.713
  376 18701 2.259
  377 12453 1.381
  378  3475 2.015
  379 17209 1.271
  380 15543 0.913
  381  9783 1.166
  382 28135 2.149
  383 15429 2.324
  384 27057 2.004
  385 10893 0.992
  386  7878 2.243
  387  4800 1.512
  388 22110 2.181
  389 10233 2.995
  390 17647 2.724
  391 12117 1.649
  392  5172 4.002
  393 11428 1.218
  394 25938 3.480
  395  8514 2.057
  396  8842 1.197
  397 30633 5.487
  398 28030 2.082
  399 13805 2.022
  400  9416 1.388
  401 20039 1.278
  402  3439 1.688
  403 12158 3.452
  404  8087 3.070
  405 14193 2.037
  406  1825 2.299
  407  7331 1.725
  408 20351 4.977
  409 19764 3.431
  410 12566 0.844
  411  7509 1.872
  412 17029 7.117
  413 28031 1.581
  414 13371 1.961
  415 10186 1.249
  416     0 1.047
  417 12819 0.977
  418 10689 1.859
  419 19231 1.194
  420  8257 1.104
  421  9468 1.252
  422  9362 1.639
  423 14793 3.471
  424 26449 1.238
  425 24174 1.491
  426     4 0.934
  427 26099 2.895
  428 24463 1.875
  429  4541 0.984
  430  8795 1.492
  431 20961 1.182
  432 13398 2.326
  433 21337 1.513
  434 28888 4.442
  435  6520 1.477
  436 12325 2.974
  437 21452 2.273
  438 10735 3.044
  439  5653 1.236
  440 29705 2.887
  441  7624 1.328
  442 11496 1.768
  443 19794 2.116
  444 26228 2.286
  445  7422 3.915
  446 12051 2.569
  447 12285 1.822
  448 27706 2.322
  449  6246 1.354
  450 33594 3.327
  451   219 1.114
  452  8698 1.694
  453 10026 4.738
  454 13186 1.788
  455  7396 1.643
  456  4914 1.192
  457 22742 2.420
  458  6761 2.892
  459 35856 1.478
  460 23231 15.192
  461  4763 1.313
  462  7106 1.661
  463 19289 3.874
  464  7320 2.150
  465 31079 1.491
  466 15048 1.374
  467  4618 0.969
  468 35222 2.315
  469  5046 1.284
  470    35 0.964
  471 39265 5.479
  472 11118 1.170
  473 13376 2.079
  474 11514 1.853
  475 24197 3.377
  476 13729 1.313
  477 22043 1.582
  478 15043 1.833
  479 17623 2.744
  480 18409 3.156
  481  4055 2.454
  482 29542 1.580
  483 24187 2.325
  484 14847 1.938
  485 21014 1.197
  486 27744 2.028
  487 15152 1.010
  488     0 0.740
  489 45172 3.093
  490  6132 3.080
  491  4235 5.041
  492 16917 1.798
  493    38 1.242
  494 11389 2.442
  495 26861 3.503
  496 26572 1.771
  497  1649 1.151
  498 37583 3.815
  499  3883 2.216
  500 11769 1.813
  501 13492 1.833
  502 19336 1.841
  503 13061 1.949
  504 21429 1.516
  505 16236 1.281
  506 14702 1.559
  507 36104 1.171
  508 27946 2.869
  509  8787 3.072
  510 25449 7.289
  511 11843 1.246
  512 29508 3.662
  513  6538 1.730
  514 20802 2.536
  515  4651 1.172
  516 30448 1.554
  517 35870 1.818
  518  4673 1.101
  519 10796 2.067
  520 27559 1.935
  521 19016 1.022
  522 20753 1.036
  523 38241 1.847
  524 27350 2.006
  525  9185 1.218
  526 13385 5.391
  527 21694 3.079
  528 11487 1.192
  529 11572 1.163
  530 14359 1.417
  531 11771 1.042
  532  5075 1.215
  533 28642 1.889
  534 15516 1.468
  535 12959 1.032
  536 15543 2.171
  537     0 0.880
  538   110 1.778
  539 15936 1.734
  540 13136 2.123
  541 16123 4.934
  542 17951 4.414
  543 11808 3.583
  544  8774 1.562
  545 37930 2.868
  546 33568 4.380
  547 16982 1.743
  548 19029 3.668
  549 11892 1.241
  550  8525 1.777
  551 24027 4.502
  552  7679 1.752
  553 12135 2.465
  554 20037 2.490
  555  8936 1.499
  556 12916 6.203
  557 24256 2.158
  558  9646 2.555
  559 12031 1.885
  560 15096 1.776
  561 21582 1.881
  562  7072 1.650
  563 34745 1.295
  564  2671 2.445
  565 11748 1.563
  566 11950 0.996
  567  7981 1.367
  568 36787 1.518
  569 27204 3.668
  570 19653 1.376
  571 28664 2.570
  572 17618 1.418
  573 36154 2.373
  574 11754 0.754
  575 31380 2.032
  576 22585 6.062
  577 28657 3.200
  578 17704 3.807
  579  4985 1.715
  580 15631 3.433
  581 20965 1.763
  582 17086 1.671
  583    22 1.013
  584 12629 1.236
  585 32311 3.454
  586 14092 2.882
  587  6167 1.357
  588 22438 1.001
  589 12088 0.952
  590 25452 2.757
  591  9340 3.423
  592  8025 1.611
  593 16953 2.912
  594  9101 1.847
  595  9076 1.880
  596 20787 2.545
  597 32655 7.496
  598  9896 2.508
  599 14930 1.958
  600 13664 1.836
  601  7173 0.901
  602 15087 1.328
  603  9041 2.485
  604 24428 2.379
  605  6890 1.238
  606 42030 2.340
  607  5647 1.495
  608 12993 1.559
  609  5962 1.004
  610 24493 1.262
  611 30634 2.164
  612 17814 3.370
  613 36052 1.437
  614 14327 1.294
  615 21119 6.217
  616  5588 1.324
  617 28010 3.122
  618 11819 1.487
  619  7312 1.697
  620 17632 2.291
  621 19466 7.404
  622 20321 2.625
  623 21505 1.890
  624 32783 2.603
  625 22029 1.227
  626  8385 2.737
  627 25965 1.799
  628 26890 4.315
  629 11639 1.532
  630 12461 1.581
  631 38612 6.625
  632 11762 1.132
  633  4979 2.145
  634  9571 1.504
  635 14226 4.250
  636 13514 2.366
  637    18 0.962
  638  3694 1.125
  639 34983 1.340
  640 21028 3.528
  641 21504 1.153
  642  6789 1.093
  643 34195 2.559
  644 27243 1.009
  645 22114 1.826
  646 39167 4.031
  647  7392 1.110
  648  6989 1.611
  649   640 1.453
  650  9697 1.803
  651 22438 0.873
  652 29977 5.373
  653 15826 3.401
  654  8652 1.761
  655 17812 1.691
  656 10425 1.648
  657 16841 1.908
  658 11145 2.485
  659 12303 1.175
  660 15296 1.617
  661 15000 1.306
  662  2582 18.661
  663  9819 2.239
  664 12418 3.585
  665 20995 1.767
  666    20 1.075
  667 10616 2.197
  668 23761 1.260
  669    78 1.066
  670 27156 5.515
  671  7211 1.206
  672 25946 2.591
  673 11664 2.234
  674 13021 3.670
  675 28539 2.185
  676 12698 5.052
  677 24418 2.258
  678 11529 1.335
  679  9030 2.556
  680 19723 5.260
  681  1054 2.336
  682  6453 4.674
  683 14924 4.124
  684  7640 4.761
  685 27077 1.242
  686 36664 1.645
  687 17558 1.636
  688  8142 3.642
  689 11803 1.160
  690 32459 1.518
  691 18051 1.497
  692 36395 3.170
  693 12872 1.967
  694  6347 0.962
  695  8001 1.941
  696    12 1.288
  697  3563 1.707
  698 24878 1.303
  699 21614 1.235
  700 38688 1.782
  701  7097 2.492
  702 20845 2.246
  703  9495 1.480
  704  7990 1.581
  705 37555 2.367
  706 22354 1.801
  707 26590 0.949
  708  9486 1.514
  709 17413 3.002
  710 15307 1.992
  711 15305 1.053
  712 17361 2.420
  713 19704 3.300
  714  8916 3.665
  715 33772 1.840
  716 10031 1.355
  717 33905 1.955
  718 36567 2.419
  719 26436 1.841
  720 19880 1.000
  721  7554 5.159
  722 26082 1.155
  723 28522 4.018
  724 27437 2.109
  725 16606 1.238
  726 25952 1.842
  727  7275 6.020
  728 10801 6.062
  729  5814 1.307
  730  4582 2.829
  731  4546 1.409
  732 30984 4.090
  733 21209 10.770
  734  8003 3.888
  735 14185 1.289
  736 27851 1.360
  737 42453 3.535
  738 22142 1.055
  739 31587 3.689
  740 11925 1.667
  741 13138 2.110
  742  9983 3.295
  743  4835 2.304
  744 10622 4.649
  745 15905 2.111
  746  6153 1.368
  747 29532 3.003
  748 14634 1.754
  749 14494 1.283
  750  4713 1.602
  751 14847 1.274
  752 20831 1.732
  753 22660 1.280
  754 10598 1.573
  755 23187 2.491
  756  7785 1.714
  757  5840 1.865
  758 13076 2.537
  759 15487 2.325
  760 11740 1.505
  761  8117 2.130
  762  3290 1.568
  763  8501 1.121
  764 31691 9.952
  765 20700 1.396
  766 24596 2.186
  767 15839 0.982
  768 33529 2.254
  769  9152 1.135
  770 26683 0.934
  771 24309 5.302
  772  6388 1.605
  773 12791 2.224
  774 12794 1.138
  775 23540 2.474
  776  4002 1.927
  777  8422 1.637
  778  4205 1.599
  779 29878 4.021
  780 12546 2.745
  781 28925 3.909
  782 24112 1.800
  783 10096 1.345
  784 24477 1.557
  785 14145 1.235
  786 16909 1.869
  787 17845 2.771
  788 22163 6.285
  789 30601 2.209
  790 19260 5.303
  791 34039 16.469
  792 11546 1.051
  793 14269 0.596
  794 13450 0.716
  795  4787 1.143
  796 11032 1.344
  797 26713 0.797
  798 15148 0.776
  799 11102 1.333
  800  9358 1.844
  801 14541 2.294
  802 15271 1.984
  803 11427 1.149
  804 27279 3.379
  805 13124 4.624
  806 25546 2.567
  807 24606 1.911
  808  5119 3.302
  809 15057 1.491
  810  5750 6.231
  811 37459 2.298
  812    18 0.786
  813   308 1.314
  814  5692 0.955
  815 19265 5.237
  816  8418 2.865
  817 16761 3.220
  818 24339 1.184
  819 12591 1.179
  820  9246 1.695
  821 11532 1.088
  822 18665 1.841
  823  5595 2.691
  824 15107 3.020
  825  9372 1.247
  826 27728 3.936
  827 20641 1.294
  828 11910 1.848
  829 34438 4.357
  830 17751 1.689
  831 36322 2.785
  832 23683 3.463
  833  6635 0.866
  834 10591 1.192
  835  5158 1.651
  836 24579 2.020
  837 11798 1.516
  838  6064 3.151
  839 21042 1.337
  840 29282 1.828
  841 14502 4.328
  842 10532 1.078
  843 23843 1.815
  844 35292 1.797
  845 26632 1.087
  846 20524 0.944
  847  6832 3.408
  848 24011 1.689
  849  7114 2.747
  850  6067 1.559
  851 23497 1.714
  852  4341 1.334
  853  4395 1.029
  854 29960 4.180
  855 23396 1.583
  856 15234 2.672
  857 17952 1.740
  858 26514 1.561
  859 22655 1.349
  860 17644 2.041
  861 18376 3.405
  862  7480 0.885
  863 20757 3.983
  864 13622 1.008
  865 13536 1.022
  866 14211 2.692
  867 10727 0.814
  868 17067 1.634
  869  9546 1.457
  870 22772 1.809
  871 35214 3.077
  872 13115 3.460
  873 32733 1.317
  874  5961 1.617
  875  4172 1.161
  876  2018 0.751
  877 20830 6.027
  878  9400 2.554
  879 25805 2.946
  880  8492 2.858
  881 17493 2.285
  882 22587 0.822
  883 32246 1.572
  884  9655 1.687
  885  9728 1.460
  886 15831 1.508
  887 25026 3.439
  888  7856 0.962
  889 13947 3.979
  890 26824 1.990
  891 29343 1.818
  892 30228 4.496
  893 13057 2.269
  894 28591 1.382
  895 27527 1.735
  896  3856 1.460
  897  2376 5.587
  898 28549 5.149
  899  4176 2.428
  900  7643 1.022
  901 11734 1.070
  902 17243 0.812
  903  8542 0.760
  904 18744 2.259
  905 38245 1.771
  906 12178 6.228
  907 13123 3.334
  908 36776 1.476
  909 20408 2.031
  910 10439 4.138
  911 15649 1.285
  912 11818 0.939
  913  7882 1.192
  914 33280 3.587
  915 27508 2.465
  916 18843 2.167
  917 12942 2.411
  918 16629 0.719
  919  9850 0.607
  920  8504 1.432
  921 33618 1.364
  922  9083 0.603
  923 33937 1.350
  924 23980 1.565
  925  4664 1.618
  926 17760 1.059
  927 10968 1.244
  928 20069 1.094
  929 27480 1.264
  930 34425 2.779
  931 14412 1.839
  932    39 1.061
  933  8532 1.420
  934  8564 7.322
  935  6897 0.794
  936 32756 1.389
  937  6511 1.801
  938 15820 1.581
  939 19542 1.152
  940 22719 5.877
  941 10228 0.497
  942  8384 2.549
  943  5966 0.457
  944 10171 1.255
  945 18263 1.556
  946 13451 1.235
  947 14137 3.482
  948 12180 1.539
  949  6731 1.805
  950 11148 3.274
  951 27362 1.581
  952  4588 2.337
  953  7023 1.146
  954  7826 2.125
  955  5623 2.692
  956 24864 2.382
  957  2111 1.841
  958  5212 2.431
  959  4918 0.926
  960 12000 0.704
  961 11945 0.530
  962 30018 0.677
  963 13513 0.832
  964  1284 0.909
  965 19502 0.544
  966  4861 2.296
  967 12717 1.302
  968 12580 1.762
  969 10200 1.895
  970 10634 1.534
  971 10854 1.512
  972 16545 2.121
  973 13330 0.871
  974  9761 2.746
  975 27440 1.749
  976  1710 1.744
  977  9274 0.745
  978 13898 2.437
  979 11751 2.066
  980  9142 0.977
  981 23127 1.163
  982 22420 1.175
  983 28631 1.375
  984  3873 0.751
  985 13605 0.906
  986 34286 1.314
  987 29838 0.748
  988 36812 2.447
  989  1723 1.027
  990 11483 1.102
  991  5625 2.105
  992 14118 1.030
  993 28233 1.119
  994 17915 3.073
  995  9023 1.246
  996 22659 1.094
  997 17755 1.699
  998 21365 1.052
  999 26521 0.779
