    1  4697 1.103
    2 19723 3.031
    3 11848 1.573
    4  9411 0.898
    5  4528 2.773
    6  7568 2.549
    7  7891 2.049
    8 34012 5.825
    9  8079 2.403
   10   499 2.579
   11 16570 1.307
   12  4943 1.496
   13  3479 1.176
   14 18029 1.406
   15 22004 5.458
   16 20773 3.005
   17 24525 3.722
   18  5409 1.127
   19 41645 2.144
   20 17524 1.153
   21 21958 3.376
   22 18506 1.094
   23 19893 7.605
   24 13641 10.204
   25 11902 2.553
   26 15303 7.716
   27 37683 1.541
   28   726 16.065
   29  4004 1.588
   30  9579 3.184
   31 18288 4.082
   32  6106 1.541
   33 29982 2.362
   34 18377 2.576
   35 29178 2.678
   36 15195 3.653
   37 35745 10.246
   38 14350 4.327
   39 23663 1.341
   40 13672 2.746
   41 12433 0.924
   42  5416 1.993
   43   155 7.412
   44 16499 1.525
   45 10285 12.218
   46  7105 1.521
   47 29082 1.710
   48 23232 3.869
   49 31155 4.371
   50 29673 0.865
   51   124 18.734
   52  5905 1.908
   53 27661 4.296
   54 17116 4.592
   55 10165 1.796
   56 35751 10.226
   57 19689 10.703
   58  8570 2.696
   59  7766 1.619
   60 14109 1.255
   61  8004 7.572
   62 17901 1.588
   63 23951 5.614
   64   928 14.087
   65 20409 2.229
   66 17840 2.339
   67 25049 7.935
   68 15099 5.561
   69  8053 2.429
   70 37063 6.773
   71 21127 6.345
   72 16159 1.641
   73 22515 2.752
   74   215 36.389
   75 24105 1.986
   76 24900 3.713
   77    32 1.340
   78 17135 3.135
   79 30242 10.850
   80 17716 6.812
   81 23044 2.285
   82 25755 12.269
   83  6615 2.811
   84  9048 3.741
   85 10697 1.934
   86 13023 2.544
   87  3045 3.981
   88 11441 2.986
   89 34350 18.115
   90  1972 1.800
   91 18114 0.862
   92 25296 2.731
   93 21569 11.750
   94  3448 3.100
   95 10335 2.346
   96  6657 1.003
   97  4768 1.310
   98  7304 2.011
   99 12497 2.060
  100 20670 10.174
  101 11473 4.690
  102 18699 3.041
  103  7493 1.629
  104 16400 7.213
  105 37373 3.256
  106 14523 6.288
  107 16844 5.179
  108 19182 6.077
  109 28942 10.210
  110  7241 3.679
  111 35327 5.505
  112 10710 14.804
  113 22562 5.387
  114 11259 2.750
  115 11192 4.243
  116 24219 1.599
  117 26558 1.859
  118  6869 3.588
  119 30038 4.251
  120 23460 1.413
  121 26578 6.045
  122 14115 2.980
  123 15673 5.264
  124   203 0.781
  125 29251 4.998
  126 19149 1.295
  127 17854 3.538
  128  3894 2.373
  129 13336 1.684
  130 17407 1.748
  131  4765 2.162
  132 14311 2.117
  133 16339 8.021
  134 10505 11.715
  135 26336 1.525
  136  7338 2.101
  137 32200 2.681
  138 38039 10.058
  139  4211 3.590
  140 19073 1.462
  141 22055 3.397
  142  4167 2.068
  143 26645 5.042
  144 28298 6.269
  145  6390 3.804
  146  9282 2.295
  147 35578 2.244
  148 11143 3.590
  149  8750 1.271
  150  4767 4.048
  151 12493 2.271
  152  8904 1.203
  153 20398 4.332
  154 13437 0.955
  155 12114 2.028
  156  8570 2.158
  157 15610 2.824
  158 15043 3.848
  159  2003 5.928
  160  5255 6.287
  161 22236 2.284
  162 32259 1.735
  163 14269 1.613
  164 29124 7.056
  165 22258 2.535
  166  3602 11.077
  167 30713 3.532
  168 24551 6.003
  169 19825 18.526
  170  4350 5.935
  171 11824 4.816
  172  2713 3.319
  173  6170 4.247
  174 19178 5.463
  175 12245 8.737
  176 10008 2.302
  177 21742 4.402
  178  4232 1.339
  179  2950 33.439
  180 19904 12.073
  181  8432 2.022
  182 10353 8.593
  183 11019 4.041
  184 40425 3.313
  185  6831 6.384
  186 21274 1.269
  187  7576 3.970
  188 31866 6.243
  189 15418 10.410
  190 31081 1.051
  191 17527 1.301
  192 26382 1.284
  193 17148 2.915
  194  9519 2.058
  195 13407 3.608
  196 28993 1.231
  197 19103 3.649
  198 18616 4.243
  199  6915 1.937
  200 19683 3.683
  201 23586 2.814
  202 29483 2.491
  203 19544 2.128
  204  7283 2.724
  205  9182 1.987
  206  7680 3.138
  207  8432 11.978
  208  4565 3.603
  209  3453 3.392
  210  7569 4.106
  211 24900 3.009
  212 15050 1.694
  213 18688 5.611
  214 16189 6.275
  215  7558 1.748
  216  5915 6.146
  217 15369 4.578
  218 10486 1.533
  219 36661 6.350
  220 23307 3.007
  221 18937 4.767
  222  8466 5.225
  223 10629 2.087
  224  8040 2.003
  225 30228 5.400
  226 27638 2.721
  227  5329 2.321
  228  6655 2.119
  229 17490 1.522
  230 27429 2.520
  231  9858 4.605
  232  4230 2.305
  233 15191 3.906
  234  6231 3.537
  235 20187 2.491
  236 22337 4.852
  237 11842 7.609
  238 30811 4.332
  239 10030 7.997
  240 11103 2.493
  241  6665 1.097
  242  4162 12.706
  243 12884 1.277
  244 30847 6.397
  245 12701 1.088
  246 12645 14.087
  247 14667 2.910
  248 20427 3.192
  249 21542 3.145
  250     9 1.823
  251 10186 6.087
  252 14442 2.514
  253 25067 8.119
  254 15237 1.150
  255  9444 3.590
  256 19222 3.657
  257 29287 13.484
  258 15697 1.209
  259 27648 2.890
  260 23144 2.294
  261 12090 1.716
  262 16067 3.023
  263  4558 9.612
  264 10486 1.404
  265  5734 2.447
  266 18609 1.828
  267 13033 4.587
  268  3399 3.533
  269  2947 2.195
  270  7729 1.122
  271 17035 3.211
  272 13418 4.621
  273 13051 18.105
  274 14210 3.174
  275    53 18.364
  276 10431 1.374
  277  7670 4.634
  278 35414 3.514
  279 32759 2.146
  280  7713 1.788
  281 17104 4.491
  282 22405 3.075
  283  3977 3.164
  284 18374 4.084
  285 15519 1.482
  286 16231 2.596
  287 12967 9.222
  288  9638 4.633
  289  3236 1.292
  290  1018 4.437
  291  5990 2.978
  292  7692 3.566
  293 21637 11.204
  294  8340 2.133
  295 16048 7.957
  296 17721 1.052
  297 25787 3.287
  298 32218 8.301
  299 23248 3.513
  300 27850 1.868
  301  5742 3.785
  302 11340 1.756
  303 27116 7.102
  304 13721 12.017
  305 10844 4.797
  306 19148 3.193
  307  5133 7.716
  308  7449 2.835
  309 15339 1.761
  310 31741 8.820
  311 11366 1.314
  312  3973 2.199
  313 17757 2.098
  314  3830 4.480
  315 39358 2.140
  316  6936 3.854
  317  4376 5.932
  318 17081 2.325
  319 19199 14.229
  320  8170 1.485
  321  7139 6.462
  322 18149 8.285
  323  6576 3.125
  324 28649 7.766
  325  7533 1.905
  326 32310 2.865
  327 14640 4.011
  328  9101 0.977
  329 32099 11.468
  330 28149 2.613
  331   768 10.377
  332 18869 2.465
  333  7665 1.507
  334 13678 1.666
  335 16193 4.842
  336 11169 1.560
  337 18758 2.047
  338 27873 1.825
  339  3191 1.277
  340    72 20.656
  341 37670 2.223
  342 21319 1.725
  343 24605 1.816
  344 14422 1.854
  345  8522 2.027
  346 14804 3.521
  347  2125 10.697
  348  7450 5.943
  349  7892 2.721
  350 13749 2.193
  351 32560 3.201
  352 11532 10.002
  353 24220 3.569
  354  9926 6.983
  355 23632 2.041
  356 13319 7.005
  357 19833 6.037
  358 15437 16.951
  359  9521 1.715
  360 13359 3.722
  361 19420 2.723
  362 42442 4.660
  363  6866 4.008
  364 21032 2.975
  365 14715 4.415
  366  2861 7.220
  367 23448 7.535
  368 17913 7.769
  369 13393 1.917
  370 15981 5.045
  371 17693 2.016
  372  6408 5.422
  373 21359 3.764
  374   242 14.932
  375 16892 2.811
  376 18874 6.154
  377 12721 2.436
  378  4772 5.350
  379 17281 1.469
  380 15593 1.075
  381  9804 1.245
  382 28544 4.049
  383 16123 9.218
  384 27277 3.688
  385 10980 2.285
  386  8108 2.909
  387  4784 1.500
  388 22372 3.629
  389 10434 7.910
  390 17666 4.094
  391 12192 1.464
  392  5684 4.209
  393 11545 1.955
  394 26181 4.514
  395  8508 2.733
  396  8842 1.237
  397 31876 14.737
  398 28215 2.292
  399 13917 4.475
  400  9445 1.983
  401 20044 1.703
  402    86 11.673
  403 12482 8.421
  404  8238 6.463
  405 14412 3.140
  406  1787 4.119
  407  7609 2.309
  408 20786 4.938
  409 20043 11.843
  410 12566 1.275
  411  7600 3.007
  412 17250 28.501
  413 28041 1.917
  414 14297 6.790
  415 10198 1.113
  416 18320 14.352
  417 13116 1.499
  418 10943 3.414
  419 19231 1.941
  420  8455 1.675
  421  9511 1.499
  422  9655 5.285
  423 14881 11.262
  424 26440 1.595
  425 24338 2.067
  426   429 4.368
  427 26281 9.258
  428 24531 4.505
  429  4549 0.935
  430  8978 1.303
  431 21417 1.516
  432 13734 3.267
  433 21617 1.791
  434 29552 6.478
  435  6589 1.471
  436 12421 5.119
  437 21518 3.225
  438 10765 3.738
  439  6280 1.918
  440 30067 11.118
  441  7669 3.877
  442 11531 2.403
  443 19834 3.119
  444 26688 7.204
  445  6877 4.161
  446 12147 4.097
  447 12611 3.761
  448 27974 1.910
  449  6263 1.484
  450 35473 6.178
  451   124 14.759
  452  8838 2.004
  453 10921 5.786
  454 13342 3.904
  455  7503 1.537
  456  4892 1.668
  457 22775 5.291
  458  6867 2.728
  459 36100 3.294
  460 24503 19.140
  461  4749 1.386
  462  7220 3.910
  463 21192 9.308
  464  8159 6.216
  465 32232 1.611
  466 15111 3.104
  467  4665 1.181
  468 36263 2.567
  469  5177 2.946
  470    35 22.258
  471 39679 10.380
  472 12472 1.764
  473 13651 4.972
  474 11497 2.694
  475 26779 19.278
  476 13784 2.757
  477 22080 2.367
  478 15495 2.500
  479 18040 2.722
  480 18521 7.896
  481  4189 3.189
  482 29774 1.377
  483 24357 4.148
  484 14988 2.604
  485 21094 1.352
  486 30156 4.274
  487 15176 1.652
  488    19 1.875
  489 45442 5.626
  490  6786 4.359
  491  4216 11.848
  492 17353 2.741
  493    43 8.271
  494 11520 4.931
  495 26940 5.941
  496 27123 3.024
  497  1649 1.314
  498 38423 10.829
  499  3809 4.255
  500 11914 5.936
  501 13913 5.326
  502 19576 1.661
  503 13089 2.299
  504 21688 2.017
  505 16262 2.144
  506 15164 2.129
  507 36174 1.678
  508 28690 2.528
  509  9230 4.669
  510 26499 7.712
  511 11966 1.160
  512 29150 8.416
  513  6559 2.869
  514 21005 2.729
  515  4706 1.784
  516 32645 3.180
  517 36086 4.243
  518  5337 2.089
  519 11236 3.365
  520 28217 7.266
  521 19026 0.905
  522 21146 1.297
  523 38616 3.545
  524 27571 4.561
  525  9189 1.232
  526 13852 6.955
  527 21956 3.279
  528 11475 2.812
  529 11647 1.548
  530 14457 1.295
  531 11771 0.897
  532  5472 2.350
  533 28615 3.970
  534 15651 2.268
  535 12977 1.613
  536 15548 4.315
  537  6445 2.457
  538   417 8.756
  539 16150 2.202
  540 14057 1.807
  541 17120 13.524
  542 18519 6.812
  543 13298 9.909
  544  9285 4.010
  545 38175 2.063
  546 34225 11.563
  547 17094 1.575
  548 19630 16.185
  549 11892 0.830
  550  8695 1.835
  551 25073 14.429
  552  7947 2.392
  553 12701 9.218
  554 20633 5.743
  555  9881 1.811
  556 13519 5.083
  557 24282 4.134
  558 10069 7.797
  559 12613 3.364
  560 15081 1.601
  561 21738 2.389
  562  7408 1.884
  563 34966 2.953
  564  2968 2.200
  565 12082 2.003
  566 12005 0.851
  567  8062 1.742
  568 36981 2.075
  569 27612 8.990
  570 19745 1.428
  571 28748 6.299
  572 17722 2.148
  573 36289 2.461
  574 11768 0.908
  575 31695 2.352
  576 25162 8.743
  577 31446 5.962
  578 19460 5.564
  579  4984 2.936
  580 15875 10.053
  581 21274 5.850
  582 17190 2.203
  583    22 3.836
  584 12586 1.573
  585 32211 12.813
  586 14392 15.054
  587  6289 1.780
  588 22482 1.024
  589 12106 0.927
  590 25518 3.959
  591  9507 4.157
  592  8098 2.839
  593 17335 4.347
  594  9392 2.079
  595  9489 2.516
  596 21120 2.551
  597 32802 12.319
  598 10808 5.460
  599 15171 4.072
  600 13869 2.806
  601  7207 1.021
  602 15100 2.067
  603  9311 6.332
  604 24614 3.682
  605  7122 2.267
  606 42017 4.481
  607  6042 2.327
  608 14277 5.340
  609  5877 1.847
  610 24525 1.179
  611 30958 2.409
  612 19026 3.896
  613 36240 3.259
  614 15029 2.046
  615 21378 9.651
  616  5623 2.485
  617 28368 4.858
  618 11863 1.834
  619  7551 2.961
  620 17677 4.480
  621 19113 10.563
  622 20362 5.411
  623 22259 7.020
  624 32993 5.763
  625 22073 2.063
  626  8513 4.825
  627 25965 4.302
  628 27361 12.704
  629 11949 3.489
  630 12496 3.139
  631 38385 5.528
  632 11763 1.079
  633  5076 5.469
  634  9591 3.460
  635 15109 7.644
  636 13537 4.601
  637    62 7.625
  638  3699 1.235
  639 34982 1.627
  640 21216 4.596
  641 21532 1.296
  642  6789 1.053
  643 34252 11.996
  644 27254 1.521
  645 24235 5.984
  646 38961 7.896
  647  7399 1.891
  648  7176 1.732
  649   722 8.100
  650 13059 6.419
  651 22437 1.026
  652 30673 6.210
  653 16659 5.481
  654  8763 3.768
  655 17868 3.049
  656 11108 6.223
  657 16846 3.007
  658 11773 2.878
  659 12320 1.699
  660 15308 1.908
  661 15120 1.136
  662  3683 30.123
  663  9842 2.532
  664 14012 4.865
  665 21454 6.203
  666    35 7.638
  667 11008 3.011
  668 24587 2.178
  669  1958 1.957
  670 27587 6.990
  671  7241 1.215
  672 26427 6.290
  673 11748 4.146
  674 13147 6.530
  675 28890 3.750
  676 12882 16.144
  677 24310 4.469
  678 11589 2.082
  679  9399 5.754
  680 20036 17.427
  681  1770 4.626
  682  6855 4.037
  683 16023 5.704
  684  8480 14.873
  685 27077 1.639
  686 36857 2.470
  687 17680 2.959
  688  8476 6.281
  689 11844 1.083
  690 32599 2.804
  691 18184 2.154
  692 37007 6.963
  693 13453 3.694
  694  6385 1.694
  695  9407 5.205
  696    12 15.923
  697  4518 3.102
  698 24892 1.923
  699 21610 1.780
  700 38980 3.010
  701  7604 6.117
  702 21644 6.708
  703  9729 1.547
  704  8327 2.526
  705 38261 3.040
  706 22590 1.809
  707 26615 1.075
  708  9484 2.751
  709 17759 4.504
  710 15306 2.690
  711 15420 1.591
  712 17392 2.829
  713 20297 6.418
  714  9494 10.085
  715 33818 2.921
  716 10025 2.525
  717 34242 2.552
  718 37002 2.276
  719 26539 2.734
  720 19970 0.888
  721  8050 14.144
  722 26097 1.298
  723 28730 11.459
  724 27774 4.235
  725 16603 2.123
  726 26164 3.508
  727  7359 25.286
  728 11569 7.277
  729  6002 2.565
  730  7526 11.517
  731  4554 2.231
  732 31965 9.060
  733 24156 24.121
  734  9234 13.577
  735 14313 0.902
  736 27915 1.360
  737 43007 9.492
  738 22221 1.255
  739 31934 6.403
  740 11784 4.088
  741 13064 4.399
  742 10251 7.228
  743  5833 5.880
  744 12018 14.085
  745 16022 3.859
  746  6201 1.944
  747 29601 7.091
  748 15926 2.997
  749 14926 3.814
  750  5536 3.897
  751 14863 1.460
  752 20790 3.740
  753 22638 2.067
  754 10628 2.745
  755 25335 7.610
  756  7793 5.211
  757  6299 4.223
  758 13437 2.612
  759 15785 3.738
  760 11748 1.972
  761  8198 4.926
  762  3394 3.141
  763  8504 1.393
  764 33590 7.565
  765 20815 2.051
  766 24913 4.118
  767 15839 1.126
  768 33731 4.195
  769  9193 1.409
  770 26818 1.266
  771 24469 5.134
  772  6790 5.396
  773 12769 6.033
  774 12830 1.458
  775 24176 5.631
  776  4028 1.916
  777 10182 3.411
  778  4322 1.440
  779 31527 11.720
  780 12869 4.682
  781 30339 8.319
  782 24466 2.765
  783 10105 1.681
  784 24192 2.250
  785 14192 1.550
  786 17244 3.898
  787 17569 5.282
  788 23258 31.031
  789 30766 7.783
  790 19945 5.627
  791 33457 28.986
  792 11849 1.472
  793 14289 1.155
  794 13612 1.113
  795  4991 3.528
  796 11492 3.546
  797 26922 1.382
  798 15195 1.439
  799 11200 1.898
  800 10384 4.111
  801 14572 4.560
  802 15337 4.166
  803 11561 1.898
  804 27165 13.226
  805 13750 7.646
  806 25714 4.115
  807 24628 4.607
  808  4899 6.421
  809 15066 2.580
  810  7827 20.066
  811 37613 4.837
  812    18 2.585
  813   738 3.644
  814  5683 1.676
  815 20687 13.470
  816  8656 2.637
  817 17383 1.785
  818 24420 1.222
  819 13575 1.494
  820 10200 3.411
  821 11593 1.503
  822 18741 3.707
  823  5737 7.299
  824 15714 6.453
  825  9620 2.136
  826 28650 4.271
  827 20879 5.698
  828 15269 5.721
  829 34948 10.990
  830 17827 4.424
  831 36504 6.535
  832 25102 12.703
  833  6618 1.322
  834 10636 2.344
  835  5146 2.049
  836 24867 4.476
  837 11926 2.548
  838  5625 7.868
  839 21167 1.918
  840 30474 2.973
  841 14987 5.785
  842 10540 1.314
  843 24485 1.795
  844 34857 3.444
  845 26722 1.368
  846 20534 1.456
  847  7893 4.678
  848 24146 2.939
  849  7777 3.899
  850  6286 2.540
  851 23505 2.321
  852  4670 2.012
  853  4405 0.912
  854 30132 7.465
  855 23576 1.548
  856 15568 5.808
  857 18071 3.524
  858 26086 6.123
  859 22696 2.482
  860 17889 4.205
  861 18621 6.512
  862  7480 0.960
  863 21808 6.792
  864 13640 1.191
  865 13606 2.265
  866 14523 2.064
  867 10746 1.009
  868 17182 2.863
  869 12438 5.596
  870 22818 5.524
  871 35264 7.497
  872 13214 6.615
  873 32932 1.689
  874  6311 2.908
  875  4988 2.260
  876  2018 1.817
  877 21824 8.822
  878  9817 2.986
  879 25838 4.628
  880  9156 12.662
  881 17722 3.169
  882 22720 0.982
  883 32434 1.670
  884 10095 2.858
  885  9742 2.422
  886 16070 5.068
  887 25777 8.793
  888  8303 1.861
  889 15955 20.030
  890 27155 2.733
  891 29645 3.680
  892 30744 12.324
  893 13385 3.066
  894 28807 2.212
  895 27527 3.494
  896  4466 2.076
  897  2383 6.262
  898 29311 6.247
  899  4259 3.099
  900  7687 2.690
  901 11832 0.961
  902 17345 0.828
  903  9157 0.982
  904 19118 6.700
  905 38675 2.976
  906 13226 11.266
  907 14526 32.435
  908 36784 1.564
  909 20609 1.991
  910 10454 6.964
  911 15948 2.100
  912 11968 0.465
  913  8119 1.176
  914 33513 2.100
  915 28251 2.271
  916 19068 5.135
  917 13093 1.154
  918 16688 0.431
  919  9889 0.389
  920  8757 1.038
  921 33852 2.713
  922  9101 1.176
  923 33997 2.444
  924 24276 4.655
  925  4755 2.334
  926 17760 3.337
  927 11050 1.488
  928 20060 1.911
  929 27521 1.541
  930 34850 8.565
  931 15012 4.404
  932    39 3.088
  933  8547 2.340
  934 10470 27.108
  935  6963 1.155
  936 34459 1.566
  937  6557 2.929
  938 16356 0.773
  939 19665 1.055
  940 23050 5.029
  941 10282 0.470
  942  9212 2.022
  943  5956 0.606
  944 10924 2.533
  945 18456 3.244
  946 13841 1.220
  947 14619 4.226
  948 12174 1.837
  949  6886 2.426
  950 11555 3.207
  951 27303 3.503
  952  4674 1.759
  953  7078 1.866
  954  7846 3.299
  955  5853 5.817
  956 25342 7.916
  957  2391 4.963
  958  5308 5.453
  959  4663 1.176
  960 12108 0.748
  961 12053 0.615
  962 30422 1.817
  963 13583 1.212
  964  4103 1.821
  965 19588 0.618
  966  6264 6.340
  967 12865 1.439
  968 12754 1.525
  969 10344 3.639
  970 10690 2.556
  971 10904 2.575
  972 16595 3.088
  973 13330 1.002
  974  9838 5.944
  975 28584 3.401
  976  1700 4.111
  977  9274 0.834
  978 14182 3.949
  979 12354 7.149
  980  9179 1.734
  981 23127 1.067
  982 22429 1.860
  983 28821 4.203
  984  3703 0.934
  985 13595 1.779
  986 35097 2.511
  987 29916 1.272
  988 37252 2.133
  989  1838 1.437
  990 11515 1.442
  991  5838 4.415
  992 14246 1.102
  993 28368 1.349
  994 17990 3.365
  995  9021 1.782
  996 22671 1.494
  997 18231 4.638
  998 22199 4.205
  999 26579 0.704
