    1  4685 0.931
    2 19700 2.421
    3 11720 1.409
    4  9411 1.039
    5  4498 3.102
    6  7479 1.386
    7  7951 1.846
    8 34475 3.825
    9  8000 2.431
   10   191 1.650
   11 16568 1.059
   12  4915 1.316
   13  3452 1.112
   14 18005 1.191
   15 22135 3.432
   16 20778 2.661
   17 24346 1.655
   18  5409 1.125
   19 41631 1.897
   20 17524 1.002
   21 21870 2.383
   22 18506 1.288
   23 19717 5.059
   24 12904 7.782
   25 11836 1.883
   26 15182 4.668
   27 37689 1.261
   28   266 5.143
   29  3966 1.488
   30  9541 3.168
   31 18192 2.979
   32  6106 1.376
   33 29835 1.532
   34 18335 2.036
   35 29146 1.812
   36 15134 2.128
   37 35413 8.460
   38 14290 3.263
   39 23673 1.137
   40 13469 2.376
   41 12433 1.028
   42  5615 1.663
   43   882 3.021
   44 16499 1.620
   45 10144 7.312
   46  7060 1.582
   47 29059 1.377
   48 23214 2.890
   49 31155 3.671
   50 29673 0.818
   51   164 1.815
   52  5913 1.516
   53 27925 2.259
   54 17043 3.475
   55 10132 1.157
   56 35624 5.797
   57 19198 4.559
   58  8510 2.083
   59  7728 1.084
   60 14104 1.251
   61  8021 8.907
   62 17924 1.805
   63 23951 6.993
   64   543 2.616
   65 20389 2.052
   66 17806 2.187
   67 25227 7.090
   68 15095 5.229
   69  8015 2.662
   70 35261 3.929
   71 21140 4.838
   72 16159 1.374
   73 22483 1.738
   74   252 7.997
   75 24106 1.753
   76 24894 3.242
   77    32 0.642
   78 17121 1.842
   79 29975 7.047
   80 19260 3.769
   81 23044 2.527
   82 25681 7.733
   83  6588 2.567
   84  8998 2.746
   85 10700 1.538
   86 12967 2.459
   87  3081 4.056
   88 11538 2.053
   89 34283 19.001
   90  1912 1.990
   91 18114 0.989
   92 25277 2.452
   93 21169 9.446
   94  3276 2.551
   95 10264 1.710
   96  6657 0.835
   97  4717 0.979
   98  7274 1.700
   99 12494 1.511
  100 20718 13.540
  101 11473 4.190
  102 18594 2.089
  103  7482 1.163
  104 16307 5.330
  105 37319 2.108
  106 14523 5.715
  107 16568 4.024
  108 19121 5.835
  109 28812 6.593
  110  6800 2.616
  111 35314 3.992
  112 10742 20.068
  113 22554 5.598
  114 11114 1.564
  115 11077 2.371
  116 24219 1.005
  117 26558 1.292
  118  6840 2.031
  119 30038 3.750
  120 23463 1.104
  121 26361 5.457
  122 14103 3.032
  123 15637 4.268
  124   203 0.756
  125 29236 3.150
  126 19149 1.125
  127   260 0.863
  128  3850 2.247
  129 13334 1.630
  130 17379 1.215
  131  4604 2.571
  132 14311 1.640
  133 15423 7.819
  134  8185 4.132
  135 26322 1.433
  136  7326 1.494
  137 32200 2.204
  138 37777 6.511
  139  4201 3.297
  140 19027 1.249
  141 22093 2.312
  142  4134 1.291
  143 26656 3.759
  144 28274 3.756
  145  6369 3.032
  146  9276 2.178
  147 35578 2.301
  148 11138 3.887
  149  8750 1.667
  150  4691 3.040
  151 12364 1.307
  152  8904 1.509
  153 20333 3.090
  154 13437 1.047
  155 12163 1.749
  156  8568 1.624
  157 15577 1.722
  158 14985 3.879
  159  1896 4.559
  160  5147 4.676
  161 22221 1.858
  162 32239 1.339
  163 14269 1.342
  164 28987 4.927
  165 22230 1.674
  166  3204 7.338
  167 30897 3.255
  168 24551 7.098
  169 19063 11.559
  170  4316 5.261
  171 11777 5.780
  172   424 1.223
  173  6114 3.086
  174 19044 4.703
  175 12076 6.132
  176  9923 1.827
  177 21495 3.710
  178  4232 1.389
  179  2732 20.562
  180 19662 6.409
  181  8541 1.718
  182  9965 4.945
  183 10964 2.558
  184 40367 2.055
  185  6818 4.007
  186 21274 1.205
  187  7364 2.294
  188 31847 5.163
  189 15170 8.139
  190 31081 1.039
  191 17507 1.636
  192 26382 1.216
  193 17374 2.383
  194  9491 1.621
  195 13260 2.363
  196 28993 1.198
  197 18997 3.011
  198 18194 2.989
  199  6915 2.317
  200 19594 2.665
  201 23602 2.857
  202 29483 1.718
  203 19504 1.536
  204  7231 2.545
  205  9175 2.151
  206  7649 2.981
  207  8322 7.676
  208  4470 2.243
  209  3375 2.945
  210  7564 2.611
  211 24900 2.968
  212 15050 1.693
  213 18999 4.470
  214 15897 3.605
  215  7587 1.973
  216  5907 4.730
  217 15239 2.886
  218 10469 1.343
  219 36604 3.440
  220 23233 2.325
  221 18879 5.466
  222  8086 3.799
  223 10723 1.844
  224  8040 2.100
  225 29940 3.563
  226 27638 2.235
  227  4801 2.288
  228  6575 1.271
  229 17489 1.107
  230 27308 1.492
  231 10013 4.834
  232  4167 1.602
  233 15414 3.084
  234  6189 3.308
  235 20151 1.730
  236 22327 4.510
  237 12666 6.070
  238 30811 5.477
  239 10024 6.543
  240 11051 2.120
  241  6665 1.214
  242  1562 3.044
  243 12884 1.344
  244 31057 4.256
  245 12698 0.878
  246 12114 5.731
  247 14549 3.248
  248 20406 1.977
  249 21556 2.449
  250    13 0.989
  251  9928 2.128
  252 14499 2.422
  253 24877 4.636
  254 15237 0.847
  255  9397 2.302
  256 19122 2.197
  257 28616 8.706
  258 15680 1.085
  259 27736 2.968
  260 23120 1.830
  261 12090 1.604
  262 16042 2.334
  263  4309 6.476
  264 10475 1.370
  265  5731 2.237
  266 18618 1.746
  267 12239 3.096
  268  3584 2.838
  269  2947 2.132
  270  7707 1.044
  271 17042 2.594
  272 13052 2.677
  273 10854 7.185
  274 14188 2.710
  275   841 2.006
  276 10228 1.116
  277  7660 3.384
  278 35414 3.467
  279 32765 2.170
  280  7713 2.208
  281 17116 3.348
  282 22358 2.684
  283  3972 2.492
  284 18347 3.329
  285 15492 1.545
  286 16183 2.001
  287 12954 5.877
  288  9626 4.808
  289  3214 1.050
  290  1000 0.744
  291  5990 3.816
  292  7605 2.073
  293 21637 8.899
  294  8262 1.684
  295 15828 6.575
  296 17652 0.955
  297 25782 2.520
  298 32138 8.465
  299 23238 2.862
  300 27850 1.640
  301  5721 4.122
  302 11384 1.670
  303 27240 7.103
  304 13449 6.207
  305 10744 3.625
  306 19095 2.237
  307  5103 6.547
  308  7372 2.471
  309 15339 1.874
  310 31673 4.265
  311 11370 1.176
  312  3978 1.826
  313 17757 1.549
  314  3583 3.207
  315 39358 1.916
  316  6911 3.699
  317  4313 4.197
  318 17076 1.824
  319 18188 12.492
  320  8145 1.366
  321  6798 4.389
  322 17788 4.961
  323  6587 2.428
  324 28541 3.641
  325  7608 1.832
  326 32313 2.253
  327 14726 5.322
  328  9101 0.788
  329 32044 9.144
  330 28114 1.572
  331   431 1.035
  332 18848 2.100
  333  7673 1.328
  334 13698 1.256
  335 16194 3.321
  336 11160 1.505
  337 18741 1.621
  338 27873 1.463
  339  3182 0.965
  340    72 2.716
  341 37663 1.607
  342 21324 1.488
  343 24605 1.750
  344 14396 1.241
  345  8492 1.576
  346 15070 2.666
  347  1509 6.799
  348  7391 3.702
  349  7892 2.269
  350 13749 2.052
  351 32554 2.211
  352 11343 8.058
  353 24255 2.499
  354  9877 5.073
  355 23605 1.695
  356 12852 3.584
  357 19833 6.717
  358 15314 7.769
  359  9489 1.339
  360 13344 4.112
  361 19716 2.918
  362 42442 3.211
  363  6860 4.464
  364 21025 1.590
  365 14915 3.840
  366  2835 5.387
  367 23364 4.354
  368 17801 5.414
  369 13255 1.821
  370 15934 4.715
  371 17703 2.227
  372  6428 4.325
  373 21297 2.437
  374  1984 6.511
  375 16847 1.941
  376 18705 3.392
  377 12695 2.923
  378  5367 4.038
  379 17281 1.420
  380 15583 0.940
  381  9804 1.072
  382 28459 2.677
  383 16753 6.941
  384 27259 3.369
  385 10919 1.937
  386  8087 3.302
  387  4775 1.461
  388 22311 2.387
  389 10414 4.237
  390 17708 3.181
  391 12192 1.584
  392  5653 3.807
  393 11474 1.853
  394 26144 4.092
  395  8478 2.854
  396  8842 1.011
  397 31658 8.776
  398 28208 1.978
  399 13864 4.303
  400  9424 1.711
  401 20034 1.749
  402    86 2.427
  403 12385 4.695
  404  8114 3.999
  405 14309 2.646
  406  1811 5.126
  407  7563 2.329
  408 20576 3.258
  409 19993 10.341
  410 12564 1.262
  411  7543 2.053
  412 17150 17.839
  413 28025 1.414
  414 14011 5.019
  415 10178 1.124
  416  1935 1.462
  417 13100 1.465
  418 10753 3.164
  419 19210 1.568
  420  8407 1.582
  421  9489 1.492
  422  9576 3.259
  423 14789 7.885
  424 26438 1.128
  425 24338 1.725
  426     5 0.962
  427 26190 5.108
  428 24522 2.741
  429  4577 0.766
  430  8954 1.055
  431 21417 1.308
  432 13998 2.966
  433 21603 1.408
  434 29389 5.068
  435  6589 1.304
  436 12567 4.958
  437 21506 2.391
  438 10759 4.001
  439  6260 1.539
  440 29965 7.098
  441  7597 2.651
  442 11516 2.244
  443 19764 2.887
  444 26628 4.560
  445  7122 2.996
  446 12189 4.218
  447 12375 1.896
  448 27977 1.484
  449  6257 1.184
  450 35341 3.254
  451   124 1.244
  452  8825 2.435
  453 10838 3.637
  454 13161 3.112
  455  7487 1.117
  456  4815 1.103
  457 22699 3.411
  458  6741 2.323
  459 35936 2.189
  460 23940 16.592
  461  4749 1.692
  462  7220 5.513
  463 21178 7.291
  464  8208 3.801
  465 32058 1.385
  466 15083 1.962
  467  4649 1.276
  468 36279 2.129
  469  5150 2.176
  470    35 5.804
  471 39454 5.878
  472 12444 1.566
  473 14029 3.390
  474 11635 2.779
  475 26835 15.861
  476 13785 2.410
  477 22029 2.288
  478 15495 2.539
  479 17940 1.956
  480 18457 4.953
  481  3614 3.436
  482 29753 1.235
  483 24267 3.524
  484 14878 2.531
  485 21089 1.213
  486 30176 2.753
  487 15161 1.377
  488    19 0.846
  489 45422 3.366
  490  6738 3.280
  491  4229 12.152
  492 17303 1.810
  493    52 0.947
  494 11499 6.229
  495 26922 6.505
  496 27080 2.161
  497  1627 0.988
  498 38325 7.041
  499  3851 3.239
  500 11754 4.280
  501 13857 4.322
  502 19579 1.377
  503 13061 2.123
  504 21633 1.488
  505 16246 1.917
  506 15154 1.848
  507 36174 1.507
  508 28895 2.111
  509  9223 4.731
  510 26433 5.373
  511 11966 1.265
  512 29786 6.519
  513  6528 1.748
  514 21020 2.194
  515  4701 1.372
  516 32669 2.419
  517 36014 2.514
  518  5338 1.690
  519 11223 3.263
  520 28083 4.059
  521 19016 1.001
  522 21096 1.165
  523 38568 2.178
  524 27543 3.982
  525  9187 1.115
  526 13682 4.559
  527 21956 2.577
  528 11480 2.522
  529 11647 1.380
  530 14420 1.366
  531 11771 0.869
  532  5451 2.318
  533 28663 3.223
  534 15629 2.203
  535 12965 1.449
  536 15577 3.134
  537  6139 1.407
  538   604 4.250
  539 16111 1.878
  540 14012 1.781
  541 16628 11.101
  542 18321 7.006
  543 13072 5.578
  544  9083 2.692
  545 38175 1.752
  546 33940 9.209
  547 17097 1.227
  548 17461 4.633
  549 11892 1.027
  550  8677 1.841
  551 24903 8.401
  552  7939 2.098
  553 12566 5.134
  554 20592 4.282
  555  9816 1.531
  556 13434 4.826
  557 24278 3.185
  558  9840 5.756
  559 12620 3.514
  560 15057 1.407
  561 21732 1.980
  562  7396 1.743
  563 34959 1.806
  564  2949 2.722
  565 11748 2.062
  566 12005 1.008
  567  8084 2.195
  568 36971 1.639
  569 27549 6.035
  570 19745 1.130
  571 28665 4.016
  572 17731 1.594
  573 36289 2.399
  574 11768 0.930
  575 31677 1.870
  576 24368 4.425
  577 31496 4.885
  578 19298 5.769
  579  5015 2.528
  580 15731 8.113
  581 21051 3.414
  582 17190 1.995
  583    22 0.795
  584 12681 1.854
  585 32106 11.018
  586 13880 7.095
  587  6253 2.032
  588 22482 1.112
  589 12106 0.860
  590 25518 4.447
  591  9474 3.503
  592  8249 2.439
  593 17495 4.137
  594  9445 2.224
  595  9419 1.384
  596 21141 2.113
  597 32854 8.759
  598 10712 3.984
  599 15154 2.505
  600 13796 2.263
  601  7207 0.985
  602 15076 1.785
  603  9160 4.829
  604 24599 2.788
  605  7067 2.064
  606 42023 3.691
  607  5857 2.034
  608 14259 5.208
  609  5868 1.908
  610 24525 1.054
  611 30922 1.514
  612 18713 3.162
  613 36223 2.013
  614 15013 1.386
  615 21176 7.089
  616  5594 1.954
  617 28230 3.394
  618 11857 1.245
  619  7469 2.161
  620 17641 2.996
  621 19779 8.292
  622 20344 4.191
  623 22579 5.978
  624 32963 4.645
  625 22017 1.572
  626  8456 3.771
  627 25908 3.068
  628 27191 7.392
  629 11926 2.356
  630 12501 3.505
  631 39049 4.562
  632 11763 1.058
  633  5099 4.880
  634  9555 1.985
  635 15012 4.972
  636 13579 3.713
  637    62 1.726
  638  3686 0.993
  639 34982 1.388
  640 21091 3.130
  641 21532 1.303
  642  6789 0.892
  643 34210 6.670
  644 27258 1.274
  645 24182 4.470
  646 39125 5.511
  647  7371 1.340
  648  7174 1.528
  649   705 4.304
  650 12557 4.482
  651 22406 1.368
  652 30889 4.642
  653 16613 2.762
  654  8793 2.842
  655 17840 1.923
  656 10761 5.029
  657 16846 2.667
  658 11601 2.535
  659 12292 1.100
  660 15308 2.558
  661 15120 1.168
  662  3443 20.915
  663  9842 2.377
  664 13436 4.495
  665 21423 4.647
  666    35 1.001
  667 10641 2.922
  668 23761 1.905
  669    78 0.755
  670 27389 4.844
  671  7234 0.961
  672 26508 4.549
  673 11668 3.888
  674 13051 6.040
  675 28887 2.377
  676 12882 20.557
  677 24311 3.327
  678 11589 2.304
  679  9280 3.974
  680 19879 15.035
  681  1614 3.889
  682  6720 3.734
  683 15886 3.327
  684  8576 12.572
  685 27077 1.804
  686 36815 1.765
  687 17660 2.314
  688  8358 4.219
  689 11844 1.258
  690 32539 1.993
  691 18187 1.498
  692 36986 3.809
  693 13377 4.639
  694  6329 1.225
  695  8865 4.068
  696    12 2.457
  697  4521 2.884
  698 24874 1.501
  699 21610 1.312
  700 38920 1.759
  701  7422 6.092
  702 21530 4.772
  703  9720 1.271
  704  8289 1.990
  705 38248 2.441
  706 22609 1.941
  707 26606 0.987
  708  9445 2.774
  709 17681 2.373
  710 15306 2.667
  711 15355 1.307
  712 17392 2.853
  713 20066 4.959
  714  9488 6.729
  715 33818 2.371
  716 10014 1.887
  717 34177 1.572
  718 36993 1.767
  719 26539 2.101
  720 19970 0.948
  721  7827 8.946
  722 26068 1.292
  723 28730 12.680
  724 27784 2.844
  725 16628 1.848
  726 26072 2.724
  727  7294 11.700
  728 11499 6.067
  729  5967 2.696
  730  6279 7.287
  731  4550 1.857
  732 31993 6.329
  733 24055 14.622
  734  9196 15.358
  735 14311 1.284
  736 27915 1.356
  737 42842 6.181
  738 22228 1.295
  739 31846 5.068
  740 12118 3.342
  741 13130 3.990
  742 10105 4.283
  743  5817 7.228
  744 11843 13.003
  745 15970 3.607
  746  6201 1.621
  747 29551 4.970
  748 15916 3.035
  749 14823 3.584
  750  5564 2.712
  751 14863 1.589
  752 20814 3.177
  753 22638 1.511
  754 10568 1.950
  755 24752 3.000
  756  7755 3.398
  757  6299 5.915
  758 13430 2.403
  759 15885 3.113
  760 11726 1.830
  761  8138 3.234
  762  3405 2.432
  763  8501 1.308
  764 33536 7.280
  765 20777 1.775
  766 24788 3.121
  767 15839 1.248
  768 33735 3.194
  769  9228 1.460
  770 26818 1.103
  771 24777 3.709
  772  6688 3.683
  773 12902 4.179
  774 12820 1.572
  775 24134 4.318
  776  4028 1.824
  777 10086 3.097
  778  4320 1.229
  779 31186 8.755
  780 12908 4.236
  781 30219 5.047
  782 24460 1.937
  783 10096 1.817
  784 24700 1.659
  785 14192 1.437
  786 17228 2.210
  787 17529 3.839
  788 23939 20.755
  789 30719 4.731
  790 19905 5.955
  791 33971 20.899
  792 11686 1.499
  793 14289 1.003
  794 13533 0.690
  795  4660 2.540
  796 11205 2.753
  797 26903 1.737
  798 15179 1.006
  799 11186 1.681
  800 10349 4.750
  801 14574 3.524
  802 15313 3.195
  803 11561 1.493
  804 27155 8.929
  805 13588 5.973
  806 25692 3.603
  807 24544 2.778
  808  4586 4.337
  809 15052 1.647
  810  7938 13.031
  811 37559 2.804
  812    18 0.787
  813   266 1.985
  814  5681 1.466
  815 20445 12.831
  816  8701 2.197
  817 17402 1.677
  818 24420 1.034
  819 13408 1.580
  820 10252 3.255
  821 11593 1.461
  822 18720 2.785
  823  5431 6.564
  824 15617 5.648
  825  9442 1.741
  826 28604 2.427
  827 20562 4.187
  828 15047 5.474
  829 34753 15.605
  830 17764 2.829
  831 36499 3.529
  832 24489 7.223
  833  6614 1.126
  834 10610 1.460
  835  5151 1.887
  836 24769 3.298
  837 12136 1.618
  838  4922 2.013
  839 21149 1.000
  840 30496 1.598
  841 14938 5.712
  842 10540 1.128
  843 24545 1.724
  844 34952 2.528
  845 26722 1.219
  846 20534 1.159
  847  7436 4.553
  848 24073 2.906
  849  7731 2.945
  850  6278 2.284
  851 23497 2.593
  852  4587 1.890
  853  4400 1.063
  854 30125 6.001
  855 23596 1.368
  856 15111 3.979
  857 18021 2.334
  858 26031 3.440
  859 22696 2.184
  860 17833 3.442
  861 18560 5.024
  862  7479 0.963
  863 21449 4.653
  864 13630 0.994
  865 13568 1.127
  866 14523 2.061
  867 10728 0.788
  868 17132 2.438
  869 11915 4.967
  870 22748 3.362
  871 35246 4.802
  872 13196 9.865
  873 32876 1.438
  874  6235 2.855
  875  5018 1.733
  876  2018 1.107
  877 21839 6.294
  878  9807 2.830
  879 25823 3.162
  880  8902 7.817
  881 17716 2.282
  882 22715 0.839
  883 32434 1.667
  884  9925 3.361
  885  9770 2.076
  886 16008 4.822
  887 25689 5.630
  888  8303 1.926
  889 14150 12.130
  890 27061 2.036
  891 29617 2.230
  892 30647 6.505
  893 13341 2.370
  894 28765 1.565
  895 27520 2.659
  896  4363 2.196
  897  2376 7.558
  898 29280 4.559
  899  4203 3.488
  900  7649 2.280
  901 11820 1.104
  902 17325 0.812
  903  8974 0.771
  904 19094 4.828
  905 38530 1.669
  906 12977 6.859
  907 13082 20.961
  908 36784 2.027
  909 20609 2.223
  910 10426 7.636
  911 15873 2.734
  912 11968 0.763
  913  8119 1.903
  914 33519 2.702
  915 28144 2.152
  916 19116 4.501
  917 13073 1.307
  918 16688 0.519
  919  9889 0.435
  920  8686 1.130
  921 33895 2.366
  922  9101 1.101
  923 33953 1.387
  924 24240 2.964
  925  4712 1.950
  926 17753 1.101
  927 11042 1.227
  928 20060 1.562
  929 27488 1.323
  930 34729 5.750
  931 14802 2.975
  932    39 1.176
  933  8526 2.431
  934 10623 20.761
  935  6961 1.032
  936 34400 1.907
  937  6480 2.580
  938 16354 1.413
  939 19665 1.152
  940 23049 7.409
  941 10282 0.483
  942  9176 1.582
  943  5951 0.588
  944 10833 3.032
  945 18436 1.856
  946 13828 1.088
  947 14567 2.771
  948 12173 1.784
  949  6879 2.171
  950 11439 2.910
  951 27312 2.199
  952  4667 1.913
  953  7009 1.223
  954  7891 3.296
  955  5774 3.723
  956 25189 5.487
  957  2390 4.036
  958  5220 5.947
  959  5005 0.881
  960 12036 0.645
  961 12053 0.602
  962 30414 1.426
  963 13583 0.988
  964  3973 1.854
  965 19588 0.572
  966  5992 6.061
  967 12865 1.443
  968 12733 1.342
  969 10208 2.538
  970 10678 1.935
  971 10841 1.822
  972 16610 3.487
  973 13330 0.814
  974  9807 3.587
  975 28736 2.881
  976  1721 4.522
  977  9274 0.597
  978 14325 2.258
  979 12555 3.777
  980  9030 0.913
  981 23113 0.787
  982 22396 1.624
  983 28801 2.828
  984  3916 0.789
  985 13595 1.206
  986 35005 2.008
  987 29916 1.177
  988 37240 1.483
  989  2093 1.239
  990 11515 1.454
  991  5831 4.904
  992 14235 1.182
  993 28362 1.333
  994 18025 2.845
  995  9021 1.806
  996 22659 1.406
  997 18196 3.809
  998 22258 2.795
  999 26579 0.752
