    1  4694 1.069
    2 19735 3.029
    3 11950 1.836
    4  9411 0.918
    5  4528 2.706
    6  7563 3.223
    7  7965 1.791
    8 34316 5.823
    9  8061 2.453
   10   181 2.801
   11 16599 1.195
   12  4943 1.351
   13  3464 1.385
   14 18029 1.140
   15 22068 4.898
   16 20795 3.086
   17 24447 5.439
   18  5409 0.953
   19 41662 1.737
   20 17512 1.211
   21 21945 3.021
   22 18506 1.166
   23 19937 7.025
   24 13513 9.707
   25 11919 2.380
   26 15311 8.993
   27 37681 1.404
   28  1771 9.390
   29  4003 2.021
   30  9579 2.867
   31 18282 3.826
   32  6106 1.195
   33 29956 2.494
   34 18349 1.823
   35 29150 1.880
   36 15196 3.350
   37 35757 8.543
   38 14372 3.607
   39 23673 1.194
   40 13695 2.138
   41 12433 0.851
   42  5477 1.792
   43   788 18.094
   44 16499 1.621
   45 10255 12.027
   46  7105 1.718
   47 29071 1.499
   48 23238 3.276
   49 31155 3.522
   50 29673 0.645
   51    92 27.021
   52  5896 1.446
   53 28120 4.142
   54 17144 5.579
   55 10165 1.561
   56 35889 8.791
   57 19619 22.774
   58  8545 2.555
   59  7777 1.288
   60 14109 1.106
   61  7989 7.053
   62 17949 1.614
   63 23951 4.947
   64  1170 19.386
   65 20409 1.911
   66 17958 2.236
   67 25074 6.885
   68 15485 4.723
   69  8030 2.233
   70 37024 6.067
   71 21107 5.752
   72 16159 1.377
   73 22512 2.401
   74   178 33.569
   75 24106 1.857
   76 24900 2.797
   77    34 1.091
   78 17170 5.105
   79 30535 6.646
   80 19773 4.512
   81 23050 1.950
   82 25762 9.661
   83  6615 2.660
   84  9069 4.610
   85 10835 1.753
   86 13003 2.645
   87  3058 3.087
   88 11525 3.818
   89 34414 12.480
   90  1942 1.556
   91 18114 0.937
   92 25290 2.336
   93 21615 11.661
   94  3417 3.865
   95 10325 2.463
   96  6657 0.712
   97  4780 1.578
   98  7299 1.760
   99 12500 1.531
  100 20690 8.630
  101 11462 3.112
  102 18629 3.046
  103  7482 1.617
  104 16391 5.458
  105 37364 3.282
  106 14523 4.509
  107 16744 4.112
  108 19175 4.869
  109 28910 9.673
  110  7226 3.601
  111 35254 5.076
  112 10760 18.256
  113 22562 3.948
  114 11267 3.379
  115 11167 4.542
  116 24219 0.935
  117 26558 1.367
  118  6885 4.389
  119 30038 3.237
  120 23463 1.144
  121 26399 6.350
  122 14104 2.911
  123 15773 5.265
  124   203 0.870
  125 29246 3.469
  126 19149 1.447
  127 18190 3.470
  128  3935 2.631
  129 13336 1.637
  130 17400 1.401
  131  4698 2.243
  132 14311 1.592
  133 16474 8.348
  134  9106 10.756
  135 26322 1.221
  136  7344 1.794
  137 32208 2.204
  138 38067 11.867
  139  4220 3.021
  140 19073 1.175
  141 22100 2.592
  142  4162 1.809
  143 26697 2.810
  144 28292 4.655
  145  6373 3.634
  146  9282 1.922
  147 35578 1.840
  148 11138 2.934
  149  8750 1.090
  150  4781 4.741
  151 12507 2.796
  152  8904 1.276
  153 20398 4.923
  154 13437 0.959
  155 12247 2.551
  156  8573 1.836
  157 15651 2.508
  158 15011 4.065
  159  1972 7.105
  160  5201 5.957
  161 22227 2.226
  162 32259 1.606
  163 14269 1.340
  164 29171 4.883
  165 22258 1.751
  166  3683 7.407
  167 30830 2.769
  168 24544 4.913
  169 19798 19.892
  170  4571 4.904
  171 11791 4.349
  172  2702 4.916
  173  6173 3.157
  174 19171 5.134
  175 12437 8.714
  176  9990 2.283
  177 21708 3.818
  178  4254 1.012
  179  3283 34.128
  180 19926 13.245
  181 10263 2.479
  182 10311 7.968
  183 11024 4.871
  184 40378 3.153
  185  6809 3.926
  186 21274 1.072
  187  7564 4.145
  188 31861 5.233
  189 15507 11.777
  190 31081 0.976
  191 17527 1.100
  192 26382 1.158
  193 17135 2.814
  194  9514 2.675
  195 13432 3.680
  196 28993 1.237
  197 19087 3.239
  198 18722 5.099
  199  6942 1.702
  200 19699 3.011
  201 23572 2.299
  202 29516 1.812
  203 19567 3.398
  204  7309 2.299
  205  9175 1.664
  206  7653 2.691
  207  8456 13.311
  208  4419 4.003
  209  3596 3.260
  210  7544 3.066
  211 24900 2.749
  212 15050 1.644
  213 18880 6.079
  214 16145 5.999
  215  7592 1.639
  216  5920 4.637
  217 15426 7.852
  218 10487 1.345
  219 36681 4.587
  220 23300 3.399
  221 18917 4.428
  222  8463 5.353
  223 10681 2.115
  224  8040 1.583
  225 30323 4.449
  226 27638 1.924
  227  5238 2.672
  228  6659 2.663
  229 17477 1.055
  230 27414 2.995
  231  9983 4.751
  232  4242 2.700
  233 15202 3.143
  234  6213 3.100
  235 20186 1.997
  236 22337 4.194
  237 11962 8.498
  238 30775 4.069
  239 10046 7.016
  240 11077 2.253
  241  6665 1.066
  242  4198 20.261
  243 12884 1.212
  244 30929 5.348
  245 12701 0.962
  246 12561 13.340
  247 14635 2.498
  248 20431 4.169
  249 21556 3.951
  250    14 1.589
  251 10140 7.567
  252 14440 2.121
  253 24998 8.148
  254 15237 0.851
  255  9486 3.058
  256 19127 2.240
  257 29172 12.886
  258 15680 1.122
  259 27828 2.533
  260 23156 2.338
  261 12090 1.375
  262 15755 2.969
  263  4464 9.473
  264 10486 1.157
  265  5692 1.925
  266 18609 1.392
  267 12910 5.947
  268  3576 4.493
  269  2947 1.736
  270  7729 0.995
  271 17035 2.145
  272 13554 4.193
  273 12853 23.234
  274 14210 2.309
  275  2469 17.801
  276 10417 1.334
  277  7600 5.004
  278 35414 2.448
  279 32759 1.742
  280  7558 1.579
  281 17100 4.032
  282 22422 2.356
  283  3977 2.816
  284 18440 3.867
  285 15510 1.222
  286 16279 2.418
  287 13090 8.005
  288  9613 3.714
  289  3236 1.344
  290  1018 4.858
  291  5990 2.264
  292  7734 2.330
  293 21652 8.745
  294  8340 2.807
  295 16888 8.133
  296 17721 1.151
  297 25787 3.071
  298 32144 8.239
  299 23282 2.743
  300 27850 1.569
  301  5736 3.280
  302 11444 1.503
  303 26979 6.524
  304 13628 14.087
  305 10830 3.765
  306 19324 2.677
  307  5145 7.004
  308  7488 3.713
  309 15339 1.365
  310 31752 10.124
  311 11370 1.329
  312  3879 2.415
  313 17757 1.832
  314  3899 3.877
  315 39409 1.845
  316  6847 3.392
  317  4383 6.723
  318 17065 2.028
  319 18979 14.048
  320  8170 1.480
  321  7119 6.745
  322 18070 8.375
  323  6627 2.310
  324 28607 6.023
  325  7573 1.559
  326 32310 2.547
  327 14746 3.091
  328  9101 0.685
  329 32084 10.552
  330 28096 2.527
  331   754 10.643
  332 18856 2.227
  333  7673 1.170
  334 13698 1.447
  335 16204 4.304
  336 11169 1.174
  337 18773 1.638
  338 27873 1.630
  339  3191 1.700
  340    95 16.330
  341 37677 1.939
  342 21403 1.530
  343 24605 1.687
  344 14410 2.059
  345  8516 1.820
  346 14664 3.218
  347  1655 10.590
  348  7494 6.565
  349  7892 2.173
  350 13749 1.686
  351 32537 3.016
  352 11464 7.771
  353 24214 3.320
  354 10060 7.374
  355 23632 1.850
  356 13260 6.807
  357 19845 4.805
  358 15483 13.677
  359  9525 1.319
  360 13364 3.216
  361 19600 2.733
  362 42450 3.291
  363  6866 2.674
  364 21043 1.887
  365 14558 3.814
  366  2822 6.541
  367 23463 8.232
  368 17877 5.500
  369 13398 1.911
  370 15956 5.210
  371 17703 1.898
  372  6374 3.825
  373 21372 3.086
  374  1855 9.317
  375 16918 2.727
  376 19009 6.697
  377 12733 1.838
  378  5341 4.539
  379 17281 1.290
  380 15618 0.869
  381  9804 1.142
  382 28535 4.478
  383 16260 10.994
  384 27277 3.156
  385 10865 2.343
  386  8094 2.784
  387  4795 1.505
  388 22415 3.458
  389 10533 6.828
  390 17608 3.662
  391 12172 1.404
  392  5648 3.688
  393 11524 2.361
  394 26188 5.015
  395  8488 2.300
  396  8842 1.193
  397 31803 14.643
  398 28220 1.950
  399 13933 4.149
  400  9451 1.863
  401 20044 1.676
  402  2945 22.468
  403 12498 8.877
  404  8374 4.470
  405 14370 2.961
  406  1811 5.179
  407  7609 2.125
  408 20875 6.868
  409 20314 13.348
  410 12564 0.934
  411  7599 3.488
  412 16409 27.609
  413 28041 1.669
  414 14187 7.372
  415 10198 1.150
  416 24145 9.082
  417 13132 1.399
  418 10901 2.984
  419 19215 1.428
  420  8455 1.226
  421  9513 1.388
  422  9651 5.406
  423 14836 10.661
  424 26460 1.925
  425 24346 1.633
  426   558 3.930
  427 26264 9.148
  428 24558 4.071
  429  4577 0.803
  430  8974 1.169
  431 21588 1.307
  432 14022 2.695
  433 21617 1.494
  434 29528 5.538
  435  6580 1.185
  436 12771 4.247
  437 21518 2.689
  438 10765 3.333
  439  6800 1.883
  440 30063 9.277
  441  7665 4.452
  442 11531 2.186
  443 19874 3.125
  444 26736 6.881
  445  6873 3.073
  446 11981 3.584
  447 12611 3.830
  448 27950 1.746
  449  6263 1.401
  450 35392 6.732
  451   124 17.672
  452  8838 1.566
  453 10811 7.273
  454 13351 3.201
  455  7503 1.365
  456  4897 1.846
  457 22923 5.186
  458  6887 2.622
  459 36088 3.485
  460 24451 16.433
  461  4750 1.184
  462  7220 3.811
  463 21213 7.121
  464  8062 5.586
  465 32217 1.669
  466 15111 3.640
  467  4665 1.030
  468 36279 2.100
  469  5172 2.859
  470   413 21.280
  471 39564 10.282
  472 12472 1.419
  473 13859 5.403
  474 11525 1.915
  475 26700 17.862
  476 13759 2.149
  477 22080 1.925
  478 15495 1.885
  479 18004 2.556
  480 18573 5.107
  481  4210 2.870
  482 29776 1.384
  483 24284 3.144
  484 14987 2.718
  485 21099 1.347
  486 30196 3.221
  487 15171 1.878
  488    19 1.840
  489 45436 4.805
  490  6780 4.418
  491  4208 11.966
  492 17478 3.694
  493    52 8.847
  494 11520 4.309
  495 26940 5.338
  496 27116 3.188
  497  1649 1.316
  498 38226 11.271
  499  3885 4.450
  500 11898 5.201
  501 14004 5.528
  502 19589 1.353
  503 13068 1.751
  504 21666 2.009
  505 16270 1.886
  506 15156 1.665
  507 36174 1.677
  508 28924 1.751
  509  9247 4.400
  510 26514 6.464
  511 11966 1.069
  512 29112 7.045
  513  6565 4.669
  514 21016 2.844
  515  4716 1.504
  516 32684 2.129
  517 36748 4.706
  518  5413 1.548
  519 11245 3.066
  520 28199 7.224
  521 19016 0.873
  522 21170 1.346
  523 38628 4.615
  524 27545 4.508
  525  9190 1.263
  526 13787 9.153
  527 21956 2.254
  528 11507 2.551
  529 11647 1.280
  530 14444 1.262
  531 11771 0.772
  532  5472 2.274
  533 28662 3.334
  534 15629 1.787
  535 12977 1.135
  536 15616 3.496
  537  6407 2.655
  538   879 6.875
  539 16150 1.987
  540 14006 2.011
  541 17605 15.723
  542 18486 6.143
  543 13226 10.612
  544  9230 3.864
  545 38168 1.678
  546 34309 10.905
  547 17088 1.850
  548 19826 15.370
  549 11892 0.858
  550  8680 1.645
  551 25047 15.777
  552  7958 1.531
  553 12710 9.264
  554 20594 5.563
  555  9851 1.581
  556 13504 4.176
  557 24316 3.084
  558 10122 9.461
  559 12647 2.227
  560 15065 1.445
  561 21732 2.176
  562  7403 1.556
  563 34973 2.882
  564  2968 1.960
  565 11828 1.639
  566 12005 0.860
  567  8073 1.476
  568 36981 1.668
  569 27689 7.670
  570 19745 1.004
  571 28702 5.470
  572 17727 2.138
  573 36289 2.123
  574 11768 0.832
  575 31677 1.797
  576 25099 10.023
  577 31366 5.986
  578 19416 4.870
  579  4992 3.421
  580 15787 9.797
  581 21270 5.391
  582 17157 1.777
  583    22 3.705
  584 12752 1.366
  585 32391 10.381
  586 14287 18.701
  587  6269 1.395
  588 22470 0.913
  589 12092 0.989
  590 25557 3.274
  591  9489 2.756
  592  8203 2.551
  593 17172 4.425
  594  9451 1.980
  595  9494 3.114
  596 21075 2.410
  597 32720 10.011
  598 10853 4.361
  599 15172 5.172
  600 13882 3.012
  601  7207 0.990
  602 15137 1.878
  603  9449 5.727
  604 24620 2.816
  605  7104 2.483
  606 42023 3.348
  607  6086 1.774
  608 14277 4.546
  609  5896 1.514
  610 24525 1.245
  611 30949 2.486
  612 18956 4.535
  613 36215 3.089
  614 15013 2.064
  615 21377 9.324
  616  5656 2.647
  617 28285 3.631
  618 11875 1.581
  619  7558 3.903
  620 17659 4.004
  621 19888 11.591
  622 20371 4.151
  623 22587 4.222
  624 32981 4.325
  625 22073 1.720
  626  8489 4.576
  627 25956 3.136
  628 27351 13.297
  629 11945 3.835
  630 12496 2.458
  631 38337 4.797
  632 11763 0.873
  633  5071 5.788
  634  9596 5.534
  635 15138 6.409
  636 13491 3.547
  637    72 7.649
  638  3699 1.144
  639 34982 1.323
  640 21218 4.579
  641 21532 1.164
  642  6789 0.798
  643 34255 10.090
  644 27228 1.415
  645 24250 4.636
  646 39089 6.741
  647  7418 2.343
  648  7244 1.728
  649   673 12.310
  650 12645 6.062
  651 22406 0.986
  652 30641 5.538
  653 16621 5.040
  654  8784 3.688
  655 17868 2.852
  656 11209 6.262
  657 16846 2.437
  658 11691 2.796
  659 12321 1.672
  660 15308 1.614
  661 15120 1.015
  662  3666 36.724
  663  9842 2.001
  664 14016 4.896
  665 21464 4.327
  666    56 10.460
  667 10991 3.435
  668 24587 1.715
  669  1969 1.808
  670 27669 5.939
  671  7221 1.034
  672 26320 5.132
  673 11783 3.320
  674 13137 6.675
  675 28919 4.546
  676 12909 14.704
  677 24339 4.217
  678 11589 1.790
  679  9325 6.092
  680 19874 17.506
  681  1763 4.241
  682  6855 3.579
  683 16049 7.048
  684  8607 12.500
  685 27077 1.272
  686 36871 2.203
  687 17665 2.292
  688  8579 7.706
  689 11829 0.920
  690 32519 2.137
  691 18187 1.451
  692 36998 5.106
  693 13498 3.929
  694  6385 1.793
  695  9311 5.110
  696    12 19.457
  697  4530 2.360
  698 24880 1.683
  699 21610 1.530
  700 38992 2.758
  701  7611 5.086
  702 21516 6.773
  703  9729 1.934
  704  8311 2.035
  705 38261 2.433
  706 22672 1.396
  707 26615 1.101
  708  9467 2.629
  709 17747 6.223
  710 15306 2.181
  711 15403 1.559
  712 17392 2.232
  713 20261 7.138
  714  9466 9.301
  715 33830 2.314
  716 10024 2.315
  717 34263 2.365
  718 37017 2.141
  719 26539 2.051
  720 19970 0.936
  721  7926 11.228
  722 26097 1.183
  723 28918 8.470
  724 27790 3.166
  725 16602 2.163
  726 25934 2.906
  727  7195 23.708
  728 11605 6.931
  729  6009 3.118
  730  6854 11.058
  731  4548 2.269
  732 31907 7.135
  733 24274 25.815
  734  9221 9.817
  735 14313 0.778
  736 27915 1.183
  737 42855 8.327
  738 22221 1.141
  739 31912 6.239
  740 11727 4.307
  741 13137 3.855
  742 10457 5.183
  743  5813 5.126
  744 11993 11.441
  745 15981 3.800
  746  6201 1.341
  747 29598 7.010
  748 15926 2.302
  749 14951 3.227
  750  5564 4.268
  751 14863 1.173
  752 20824 2.410
  753 22638 1.681
  754 10616 2.375
  755 25358 9.598
  756  7793 3.513
  757  6299 3.689
  758 13437 2.056
  759 15837 3.649
  760 11748 1.835
  761  8201 4.626
  762  3406 3.638
  763  8507 1.179
  764 33605 6.709
  765 20825 1.695
  766 24916 4.541
  767 15839 0.867
  768 33731 2.845
  769  9232 1.259
  770 26818 1.194
  771 25161 3.813
  772  6755 3.838
  773 13083 8.729
  774 12820 1.069
  775 24188 4.569
  776  4028 1.945
  777 10196 3.364
  778  4318 1.319
  779 31524 11.111
  780 12614 4.095
  781 30295 7.766
  782 24472 2.331
  783 10093 1.636
  784 24406 1.612
  785 14192 1.289
  786 17223 3.216
  787 17559 4.944
  788 23807 22.421
  789 30791 5.832
  790 19935 4.309
  791 33373 31.212
  792 11826 1.628
  793 14294 1.111
  794 13632 1.446
  795  4879 4.078
  796 11488 3.343
  797 26922 1.688
  798 15224 1.928
  799 11207 1.530
  800 10349 3.438
  801 14572 3.393
  802 15331 3.281
  803 11561 1.349
  804 27127 14.984
  805 13759 9.958
  806 25728 3.152
  807 24628 4.058
  808  4763 5.343
  809 15066 3.620
  810  8292 19.976
  811 37594 4.452
  812    18 3.257
  813   577 3.039
  814  5683 1.367
  815 20769 12.636
  816  8719 1.767
  817 17345 1.635
  818 24430 0.668
  819 13545 1.814
  820 10252 2.483
  821 11589 1.254
  822 18683 2.806
  823  5734 7.464
  824 15593 5.655
  825  9604 1.758
  826 28667 3.914
  827 20884 4.890
  828 15330 5.342
  829 34908 9.769
  830 17846 4.412
  831 36513 4.921
  832 25193 11.291
  833  6617 0.891
  834 10636 2.129
  835  5153 1.649
  836 24846 4.613
  837 11938 2.075
  838  5665 9.137
  839 21158 1.954
  840 30462 2.964
  841 14992 4.440
  842 10540 1.336
  843 24665 1.653
  844 34923 2.900
  845 26722 1.211
  846 20540 1.100
  847  7851 5.268
  848 24097 2.454
  849  7734 2.810
  850  6288 2.089
  851 23469 1.911
  852  4583 1.707
  853  4400 0.925
  854 30138 7.706
  855 23576 1.301
  856 15525 5.195
  857 18066 3.089
  858 27084 5.351
  859 22696 1.827
  860 17894 3.075
  861 18596 7.220
  862  7480 0.918
  863 21844 7.281
  864 13635 1.239
  865 13616 2.180
  866 14523 1.707
  867 10739 0.951
  868 17147 2.909
  869 12777 5.998
  870 22790 4.560
  871 35242 6.044
  872 13223 5.967
  873 32942 1.820
  874  6321 3.322
  875  5002 2.149
  876  2018 1.873
  877 21787 7.519
  878  9809 2.670
  879 25781 5.200
  880  9198 10.629
  881 17716 2.404
  882 22715 0.842
  883 32434 1.328
  884 10055 2.523
  885  9752 1.886
  886 16109 4.094
  887 25767 10.405
  888  8303 1.490
  889 15882 29.065
  890 27145 2.387
  891 29651 3.405
  892 30767 13.431
  893 13401 1.905
  894 28864 1.693
  895 27534 2.590
  896  4435 1.855
  897  2387 5.558
  898 29289 4.347
  899  4262 2.409
  900  7705 2.608
  901 11832 0.768
  902 17355 0.685
  903  9149 1.290
  904 19138 4.262
  905 38675 2.464
  906 13248 11.270
  907 14785 17.156
  908 36784 1.729
  909 20609 2.160
  910 10689 7.438
  911 15818 2.431
  912 11968 0.505
  913  8119 1.183
  914 33531 2.321
  915 28355 2.797
  916 19146 5.437
  917 13079 1.073
  918 16688 0.531
  919  9889 0.394
  920  8708 0.981
  921 33877 2.561
  922  9101 0.880
  923 33936 1.641
  924 24294 4.038
  925  4759 2.181
  926 17767 1.075
  927 11050 1.258
  928 20060 2.590
  929 27518 1.629
  930 34901 5.264
  931 14971 5.405
  932    39 2.725
  933  8547 2.258
  934 10042 28.998
  935  6976 0.996
  936 34450 1.604
  937  6543 3.552
  938 16344 0.671
  939 19665 0.641
  940 23086 4.022
  941 10282 0.357
  942  9200 1.622
  943  5951 0.465
  944 10958 2.011
  945 18632 4.396
  946 13841 0.960
  947 14635 3.061
  948 12174 1.452
  949  6891 2.364
  950 11573 3.099
  951 27284 3.378
  952  4695 1.609
  953  7078 2.494
  954  7846 2.905
  955  5812 6.869
  956 25274 6.475
  957  2435 8.644
  958  5293 7.020
  959  4479 1.145
  960 12108 0.609
  961 12058 0.391
  962 30327 1.102
  963 13583 1.316
  964  3912 2.029
  965 19588 0.479
  966  6640 6.900
  967 12865 1.160
  968 12769 1.266
  969 10392 3.737
  970 10684 2.132
  971 10897 2.704
  972 16588 2.023
  973 13330 0.553
  974  9815 5.442
  975 28642 2.647
  976  1714 2.580
  977  9274 0.446
  978 14158 1.910
  979 12433 5.241
  980  9190 1.611
  981 23111 0.993
  982 22418 1.262
  983 28821 3.505
  984  3891 0.812
  985 13585 1.515
  986 35071 2.084
  987 29916 1.258
  988 37252 1.656
  989  1903 1.366
  990 11515 1.273
  991  5838 3.733
  992 14268 0.989
  993 28368 1.191
  994 18021 3.012
  995  9021 1.433
  996 22659 1.220
  997 18221 3.345
  998 22280 4.045
  999 26579 0.830
