    1  4658 0.894
    2 18756 1.531
    3 11401 1.274
    4  9391 0.939
    5  4487 1.681
    6  7520 0.882
    7  7894 1.409
    8 34477 1.975
    9  7882 4.435
   10   185 1.308
   11 16543 0.760
   12  4853 1.289
   13  3448 1.195
   14 18023 1.128
   15 21680 1.834
   16 20430 6.228
   17 24299 1.623
   18  5411 0.990
   19 41647 1.599
   20 17438 0.960
   21 21816 3.166
   22 18463 1.319
   23 19240 13.777
   24 12876 6.950
   25 11689 3.272
   26 14300 20.098
   27 37643 0.974
   28   199 2.154
   29  4003 1.381
   30  9510 2.703
   31 18088 2.840
   32  6048 1.455
   33 30013 1.021
   34 18156 1.055
   35 29060 3.125
   36 14213 4.884
   37 33841 10.022
   38 13987 3.735
   39 23559 0.980
   40 13148 2.650
   41 12428 0.849
   42  5758 0.967
   43   560 2.572
   44 16261 1.842
   45  8999 8.624
   46  7099 1.561
   47 28886 1.771
   48 23181 1.768
   49 30786 4.514
   50 29613 0.858
   51   250 1.256
   52  5698 1.750
   53 26450 1.732
   54 16736 2.036
   55 10155 1.182
   56 34774 30.995
   57 17614 17.282
   58  8515 2.164
   59  6605 1.619
   60 14093 0.894
   61  7934 6.735
   62 17708 1.179
   63 23759 3.286
   64   151 1.105
   65 20065 2.028
   66 17518 1.840
   67 24909 4.236
   68 15036 3.525
   69  8020 1.341
   70 35011 7.782
   71 21036 3.578
   72 16055 1.741
   73 22510 1.155
   74    86 1.590
   75 24098 1.512
   76 24863 1.637
   77    24 0.588
   78 16900 1.250
   79 29583 11.070
   80  1000 0.930
   81 23090 2.292
   82 25824 9.653
   83  6166 5.802
   84  8648 1.475
   85 10788 1.409
   86 12971 2.379
   87  2061 5.873
   88 11494 2.677
   89 33504 24.946
   90  1826 1.587
   91 18065 1.025
   92 23924 2.161
   93 20933 7.396
   94  3227 2.885
   95 10298 1.715
   96  6603 1.217
   97  4655 1.610
   98  7289 1.201
   99 12410 1.618
  100 20703 13.740
  101 11109 3.000
  102 18623 2.008
  103  7479 0.787
  104 16311 3.158
  105 37084 2.443
  106 14256 3.463
  107 16210 4.087
  108 18909 7.745
  109 28090 6.316
  110  6990 1.942
  111 35437 4.338
  112 10676 8.860
  113 22394 7.823
  114 10598 4.309
  115 11092 1.483
  116 24198 0.933
  117 26391 1.997
  118  6817 2.282
  119 29822 2.979
  120 23457 0.737
  121 26283 3.081
  122 13966 5.841
  123 15475 8.387
  124   203 0.629
  125 28585 2.794
  126 19106 1.137
  127     0 1.062
  128  3693 3.705
  129 13151 3.104
  130 17299 1.100
  131  4297 2.144
  132 14255 2.221
  133 15906 9.075
  134  6415 3.151
  135 26343 0.946
  136  7301 1.728
  137 31818 2.333
  138 36726 15.286
  139  3670 5.411
  140 18927 1.267
  141 21541 4.982
  142  4063 1.618
  143 26183 6.691
  144 27754 4.459
  145  5720 1.596
  146  8966 3.538
  147 35248 6.014
  148 10956 2.564
  149  8706 0.944
  150  4504 3.672
  151 12255 0.859
  152  8905 1.195
  153 19940 8.134
  154 13303 0.896
  155 12177 1.155
  156  8314 1.572
  157 15253 2.272
  158 14607 2.517
  159   729 11.034
  160  4924 2.304
  161 22008 1.559
  162 31979 1.431
  163 14147 1.356
  164 29008 2.389
  165 22209 1.183
  166  2756 3.487
  167 30626 3.564
  168 24489 3.393
  169 19284 19.752
  170  3972 2.008
  171 11545 6.805
  172    32 0.776
  173  6126 3.082
  174 18486 7.489
  175 11994 4.878
  176  9916 0.992
  177 21434 3.146
  178  4195 1.120
  179  3217 14.307
  180 19671 6.170
  181  6783 0.892
  182  8079 4.116
  183 10966 1.562
  184 39997 3.646
  185  6396 7.678
  186 21178 1.039
  187  7678 2.272
  188 31736 5.503
  189 15151 3.945
  190 30919 1.247
  191 16786 3.339
  192 26354 0.959
  193 17207 1.355
  194  9349 1.701
  195 13094 0.866
  196 28930 1.029
  197 18616 2.516
  198 18402 2.139
  199  6792 3.912
  200 19592 1.251
  201 23590 1.509
  202 28957 1.870
  203 19396 2.418
  204  6263 2.262
  205  9061 1.676
  206  7645 2.232
  207  7538 15.372
  208  4450 1.815
  209  3573 2.299
  210  7221 1.860
  211 24860 3.510
  212 15020 1.278
  213 18243 3.545
  214 15563 3.101
  215  7603 1.008
  216  5347 8.426
  217 15011 3.863
  218 10427 1.043
  219 35881 12.698
  220 23104 2.553
  221 18159 1.292
  222  7084 6.031
  223 10711 1.097
  224  8014 1.736
  225 28759 4.884
  226 27639 1.314
  227  4738 1.323
  228  6516 0.726
  229 17478 0.876
  230 27002 2.098
  231  8415 3.740
  232  4147 1.687
  233 15839 1.743
  234  5526 3.939
  235 19872 3.227
  236 22207 4.416
  237 12507 6.018
  238 30608 4.769
  239  9959 5.045
  240 11077 2.121
  241  6646 0.774
  242  4567 2.522
  243 12629 1.942
  244 30943 1.798
  245 12714 0.768
  246 10700 14.899
  247 13826 8.812
  248 20043 1.935
  249 20794 11.949
  250    13 0.915
  251 10042 1.280
  252 13866 1.937
  253 24237 15.021
  254 15219 0.836
  255  9001 3.311
  256 18974 1.820
  257 27866 19.250
  258 14158 1.114
  259 26449 2.272
  260 22882 1.740
  261 12003 1.193
  262 14898 2.308
  263  4292 2.905
  264 10476 1.117
  265  5670 3.449
  266 18616 1.638
  267 12121 1.992
  268  3186 1.666
  269  2941 1.820
  270  7707 0.808
  271 17018 1.331
  272 12819 1.221
  273 13839 16.054
  274 13922 5.820
  275     5 0.967
  276 10263 1.064
  277  7334 2.504
  278 35125 2.193
  279 32493 2.261
  280  7567 2.386
  281 16948 1.938
  282 22090 1.229
  283  3936 2.976
  284 18307 8.367
  285 13968 1.136
  286 16199 1.045
  287 12597 5.890
  288  9161 7.733
  289  3250 1.105
  290  1000 0.629
  291  5918 2.800
  292  7531 2.092
  293 20972 16.054
  294  8282 1.292
  295 16306 8.563
  296 17474 0.922
  297 25615 2.086
  298 32233 15.036
  299 22719 1.525
  300 27738 2.041
  301  5479 2.350
  302 11402 0.839
  303 27113 8.105
  304 12886 13.632
  305 10519 2.518
  306     0 1.116
  307  4754 3.737
  308  7316 2.941
  309 15375 1.149
  310 31710 5.429
  311 11290 1.072
  312  3750 1.881
  313 17601 2.842
  314  2543 0.927
  315 39281 1.524
  316  7073 2.087
  317  3589 12.284
  318 17046 1.659
  319 18246 26.242
  320  8127 0.903
  321  6675 6.900
  322 16641 39.296
  323  6032 2.230
  324 28304 3.765
  325  7613 1.176
  326 32307 1.671
  327 14405 2.866
  328  8966 0.782
  329 31665 7.518
  330 28016 1.216
  331   358 1.084
  332 18851 1.060
  333  7527 1.095
  334 13667 0.769
  335 16098 4.955
  336 11067 1.151
  337 18617 2.380
  338 27841 1.149
  339  3194 0.729
  340    49 0.863
  341 37422 1.839
  342 21291 1.050
  343 24435 1.346
  344 14386 1.102
  345  8458 2.361
  346 14765 1.777
  347   583 6.644
  348  6932 3.458
  349  7656 2.530
  350 13753 1.380
  351 32326 1.544
  352 10567 6.041
  353 24297 2.017
  354  9302 5.466
  355 23294 3.267
  356 12744 2.871
  357 19773 2.942
  358 14635 6.755
  359  9489 1.064
  360 12802 12.579
  361 19769 1.556
  362 42170 3.709
  363  5384 3.379
  364 20881 1.922
  365 14767 5.290
  366  2689 14.633
  367 22984 18.923
  368 17430 9.266
  369 12853 6.366
  370 15898 7.135
  371 17661 2.275
  372  6228 1.720
  373 20934 2.091
  374   751 2.046
  375 16435 4.153
  376 18701 2.638
  377 12453 1.035
  378  3475 3.464
  379 17209 1.559
  380 15543 0.941
  381  9783 1.071
  382 28135 3.255
  383 15429 4.134
  384 27057 2.391
  385 10893 0.885
  386  7878 5.580
  387  4800 1.208
  388 22110 1.842
  389 10233 3.670
  390 17647 3.413
  391 12117 2.143
  392  5172 8.110
  393 11428 0.977
  394 25938 8.748
  395  8514 1.219
  396  8842 0.892
  397 30633 15.319
  398 28030 3.082
  399 13805 3.201
  400  9416 1.281
  401 20039 1.270
  402  3439 2.180
  403 12158 9.792
  404  8087 7.663
  405 14193 2.326
  406  1825 5.981
  407  7331 2.926
  408 20351 7.193
  409 19764 6.346
  410 12566 0.562
  411  7509 2.061
  412 17029 22.409
  413 28031 1.257
  414 13371 2.090
  415 10186 1.018
  416     0 1.001
  417 12819 0.777
  418 10689 1.546
  419 19231 1.038
  420  8257 1.184
  421  9468 1.029
  422  9362 1.924
  423 14793 8.865
  424 26449 0.921
  425 24174 1.742
  426     4 0.829
  427 26099 3.558
  428 24463 1.783
  429  4541 0.968
  430  8795 1.142
  431 20961 1.115
  432 13398 3.535
  433 21337 1.841
  434 28888 13.245
  435  6520 1.165
  436 12325 3.664
  437 21452 1.644
  438 10735 6.352
  439  5653 0.996
  440 29705 3.821
  441  7624 1.164
  442 11496 1.403
  443 19794 2.995
  444 26228 3.513
  445  7422 5.285
  446 12051 3.428
  447 12285 2.058
  448 27706 2.843
  449  6246 1.211
  450 33594 8.233
  451   219 0.920
  452  8698 1.955
  453 10026 9.631
  454 13186 1.634
  455  7396 1.986
  456  4914 0.864
  457 22742 1.605
  458  6761 5.989
  459 35856 1.316
  460 23231 54.956
  461  4763 1.265
  462  7106 2.847
  463 19289 9.134
  464  7320 4.319
  465 31079 1.496
  466 15048 2.039
  467  4618 1.479
  468 35222 2.146
  469  5046 1.466
  470    35 0.858
  471 39265 11.304
  472 11118 1.236
  473 13376 2.558
  474 11514 1.306
  475 24197 5.516
  476 13729 0.990
  477 22043 1.398
  478 15043 1.651
  479 17623 2.209
  480 18409 6.351
  481  4055 3.970
  482 29542 1.558
  483 24187 2.677
  484 14847 1.383
  485 21014 1.107
  486 27744 1.715
  487 15152 0.948
  488     0 0.772
  489 45172 5.114
  490  6132 5.806
  491  4235 14.212
  492 16917 1.494
  493    38 0.938
  494 11389 4.648
  495 26861 5.731
  496 26572 3.150
  497  1649 1.017
  498 37583 10.646
  499  3883 1.642
  500 11769 1.709
  501 13492 2.811
  502 19336 1.181
  503 13061 2.810
  504 21429 1.171
  505 16236 1.210
  506 14702 1.718
  507 36104 1.207
  508 27946 4.090
  509  8787 2.730
  510 25449 20.857
  511 11843 1.224
  512 29508 4.704
  513  6538 1.905
  514 20802 2.967
  515  4651 1.032
  516 30448 1.541
  517 35870 1.707
  518  4673 1.267
  519 10796 2.906
  520 27559 3.518
  521 19016 0.830
  522 20753 0.896
  523 38241 1.976
  524 27350 3.523
  525  9185 1.195
  526 13385 14.882
  527 21694 4.640
  528 11487 1.068
  529 11572 1.094
  530 14359 1.187
  531 11771 0.813
  532  5075 1.533
  533 28642 1.433
  534 15516 2.233
  535 12959 1.073
  536 15543 2.123
  537     0 0.717
  538   110 2.207
  539 15936 1.974
  540 13136 3.426
  541 16123 9.133
  542 17951 10.304
  543 11808 12.684
  544  8774 2.019
  545 37930 3.546
  546 33568 12.539
  547 16982 1.471
  548 19029 9.234
  549 11892 0.804
  550  8525 1.830
  551 24027 6.958
  552  7679 2.711
  553 12135 2.491
  554 20037 5.054
  555  8936 1.043
  556 12916 25.090
  557 24256 2.386
  558  9646 3.536
  559 12031 4.084
  560 15096 2.033
  561 21582 2.723
  562  7072 1.692
  563 34745 1.663
  564  2671 3.029
  565 11748 1.043
  566 11950 0.967
  567  7981 1.868
  568 36787 1.420
  569 27204 5.583
  570 19653 1.539
  571 28664 4.859
  572 17618 1.600
  573 36154 3.817
  574 11754 0.956
  575 31380 1.906
  576 22585 23.060
  577 28657 3.572
  578 17704 11.116
  579  4985 1.404
  580 15631 8.200
  581 20965 1.670
  582 17086 1.625
  583    22 0.793
  584 12629 1.267
  585 32311 8.188
  586 14092 4.975
  587  6167 1.470
  588 22438 1.057
  589 12088 0.752
  590 25452 6.137
  591  9340 8.311
  592  8025 2.068
  593 16953 5.763
  594  9101 1.202
  595  9076 1.879
  596 20787 4.565
  597 32655 13.737
  598  9896 5.644
  599 14930 1.723
  600 13664 1.638
  601  7173 0.794
  602 15087 1.305
  603  9041 4.929
  604 24428 4.220
  605  6890 1.646
  606 42030 3.539
  607  5647 1.301
  608 12993 2.111
  609  5962 1.049
  610 24493 0.972
  611 30634 2.502
  612 17814 4.908
  613 36052 1.329
  614 14327 1.598
  615 21119 17.973
  616  5588 0.970
  617 28010 5.799
  618 11819 1.573
  619  7312 2.179
  620 17632 3.066
  621 19466 21.767
  622 20321 2.189
  623 21505 2.312
  624 32783 2.847
  625 22029 1.111
  626  8385 4.413
  627 25965 2.587
  628 26890 10.518
  629 11639 2.266
  630 12461 1.831
  631 38612 24.062
  632 11762 0.936
  633  4979 2.891
  634  9571 1.716
  635 14226 9.122
  636 13514 2.202
  637    18 0.800
  638  3694 1.295
  639 34983 1.421
  640 21028 6.872
  641 21504 1.198
  642  6789 0.749
  643 34195 4.616
  644 27243 0.918
  645 22114 2.266
  646 39167 4.705
  647  7392 0.873
  648  6989 2.038
  649   640 1.646
  650  9697 5.454
  651 22438 0.849
  652 29977 8.687
  653 15826 10.976
  654  8652 1.940
  655 17812 1.741
  656 10425 2.181
  657 16841 1.678
  658 11145 2.159
  659 12303 1.102
  660 15296 1.983
  661 15000 1.004
  662  2582 64.551
  663  9819 3.229
  664 12418 12.837
  665 20995 2.390
  666    20 0.689
  667 10616 2.684
  668 23761 1.022
  669    78 0.739
  670 27156 15.222
  671  7211 0.901
  672 25946 2.820
  673 11664 2.107
  674 13021 6.759
  675 28539 2.646
  676 12698 12.701
  677 24418 2.314
  678 11529 1.656
  679  9030 5.704
  680 19723 16.885
  681  1054 5.401
  682  6453 11.161
  683 14924 13.655
  684  7640 9.516
  685 27077 1.119
  686 36664 1.588
  687 17558 2.192
  688  8142 3.911
  689 11803 1.193
  690 32459 1.212
  691 18051 1.677
  692 36395 9.740
  693 12872 1.855
  694  6347 0.863
  695  8001 1.398
  696    12 1.104
  697  3563 2.226
  698 24878 1.299
  699 21614 1.017
  700 38688 2.334
  701  7097 2.503
  702 20845 3.308
  703  9495 1.573
  704  7990 1.951
  705 37555 2.710
  706 22354 1.967
  707 26590 0.987
  708  9486 1.369
  709 17413 6.361
  710 15307 2.172
  711 15305 0.941
  712 17361 6.084
  713 19704 9.025
  714  8916 8.711
  715 33772 3.013
  716 10031 1.074
  717 33905 1.980
  718 36567 5.673
  719 26436 1.803
  720 19880 1.262
  721  7554 12.273
  722 26082 1.163
  723 28522 10.324
  724 27437 2.195
  725 16606 1.047
  726 25952 1.891
  727  7275 21.440
  728 10801 17.568
  729  5814 1.214
  730  4582 5.074
  731  4546 0.984
  732 30984 10.664
  733 21209 52.682
  734  8003 5.076
  735 14185 0.603
  736 27851 1.307
  737 42453 5.552
  738 22142 1.202
  739 31587 9.265
  740 11925 1.741
  741 13138 2.173
  742  9983 9.647
  743  4835 4.670
  744 10622 10.658
  745 15905 2.227
  746  6153 1.514
  747 29532 3.849
  748 14634 1.825
  749 14494 1.071
  750  4713 2.999
  751 14847 1.139
  752 20831 1.664
  753 22660 1.078
  754 10598 1.307
  755 23187 3.929
  756  7785 1.858
  757  5840 2.504
  758 13076 4.279
  759 15487 1.901
  760 11740 1.915
  761  8117 3.795
  762  3290 2.390
  763  8501 0.995
  764 31691 37.583
  765 20700 1.620
  766 24596 2.705
  767 15839 0.717
  768 33529 2.913
  769  9152 1.125
  770 26683 1.069
  771 24309 14.426
  772  6388 2.162
  773 12791 2.601
  774 12794 0.959
  775 23540 3.527
  776  4002 3.002
  777  8422 1.749
  778  4205 1.342
  779 29878 13.197
  780 12546 4.956
  781 28925 6.092
  782 24112 2.220
  783 10096 1.162
  784 24477 1.240
  785 14145 1.242
  786 16909 2.519
  787 17845 3.451
  788 22163 17.686
  789 30601 2.346
  790 19260 20.243
  791 34039 56.035
  792 11546 1.508
  793 14269 0.506
  794 13450 0.500
  795  4787 1.118
  796 11032 2.033
  797 26713 1.084
  798 15148 1.071
  799 11102 1.109
  800  9358 3.465
  801 14541 2.252
  802 15271 2.679
  803 11427 1.259
  804 27279 3.808
  805 13124 13.768
  806 25546 3.243
  807 24606 1.618
  808  5119 5.876
  809 15057 1.167
  810  5750 23.348
  811 37459 3.642
  812    18 0.788
  813   308 1.420
  814  5692 0.989
  815 19265 24.744
  816  8418 2.716
  817 16761 7.960
  818 24339 1.314
  819 12591 1.696
  820  9246 2.341
  821 11532 1.377
  822 18665 3.340
  823  5595 5.985
  824 15107 7.269
  825  9372 1.005
  826 27728 9.013
  827 20641 1.361
  828 11910 5.101
  829 34438 13.672
  830 17751 1.556
  831 36322 2.411
  832 23683 8.920
  833  6635 0.738
  834 10591 1.633
  835  5158 2.159
  836 24579 2.381
  837 11798 1.895
  838  6064 3.161
  839 21042 1.445
  840 29282 1.499
  841 14502 10.125
  842 10532 1.080
  843 23843 1.755
  844 35292 1.417
  845 26632 1.217
  846 20524 0.798
  847  6832 10.214
  848 24011 2.090
  849  7114 4.891
  850  6067 1.572
  851 23497 1.694
  852  4341 1.267
  853  4395 0.814
  854 29960 9.414
  855 23396 1.543
  856 15234 6.684
  857 17952 1.666
  858 26514 2.049
  859 22655 1.216
  860 17644 5.446
  861 18376 5.170
  862  7480 0.940
  863 20757 10.209
  864 13622 1.065
  865 13536 1.103
  866 14211 3.614
  867 10727 0.864
  868 17067 1.922
  869  9546 2.097
  870 22772 2.126
  871 35214 4.013
  872 13115 7.443
  873 32733 1.332
  874  5961 2.323
  875  4172 1.117
  876  2018 0.834
  877 20830 24.230
  878  9400 3.434
  879 25805 4.411
  880  8492 6.302
  881 17493 5.011
  882 22587 0.487
  883 32246 1.674
  884  9655 1.642
  885  9728 1.605
  886 15831 1.827
  887 25026 5.807
  888  7856 1.159
  889 13947 10.444
  890 26824 4.206
  891 29343 2.426
  892 30228 13.554
  893 13057 2.865
  894 28591 1.305
  895 27527 1.641
  896  3856 1.782
  897  2376 17.069
  898 28549 10.692
  899  4176 4.358
  900  7643 1.572
  901 11734 1.033
  902 17243 0.435
  903  8542 0.725
  904 18744 2.596
  905 38245 1.706
  906 12178 14.148
  907 13123 8.776
  908 36776 1.357
  909 20408 3.319
  910 10439 5.897
  911 15649 0.951
  912 11818 1.096
  913  7882 1.534
  914 33280 7.541
  915 27508 3.510
  916 18843 4.634
  917 12942 3.365
  918 16629 0.479
  919  9850 0.515
  920  8504 1.662
  921 33618 3.288
  922  9083 0.483
  923 33937 1.736
  924 23980 3.533
  925  4664 2.092
  926 17760 0.997
  927 10968 1.621
  928 20069 0.959
  929 27480 1.347
  930 34425 5.303
  931 14412 1.829
  932    39 0.851
  933  8532 1.661
  934  8564 21.417
  935  6897 1.042
  936 32756 1.315
  937  6511 1.772
  938 15820 1.347
  939 19542 0.782
  940 22719 28.726
  941 10228 0.338
  942  8384 4.553
  943  5966 0.380
  944 10171 1.160
  945 18263 2.578
  946 13451 1.476
  947 14137 6.766
  948 12180 1.460
  949  6731 2.455
  950 11148 10.537
  951 27362 2.018
  952  4588 3.703
  953  7023 0.736
  954  7826 2.026
  955  5623 4.600
  956 24864 2.685
  957  2111 1.441
  958  5212 3.993
  959  4918 1.018
  960 12000 0.831
  961 11945 0.725
  962 30018 0.678
  963 13513 0.932
  964  1284 1.367
  965 19502 0.476
  966  4861 6.320
  967 12717 1.698
  968 12580 1.601
  969 10200 1.720
  970 10634 1.009
  971 10854 1.121
  972 16545 2.849
  973 13330 0.527
  974  9761 6.285
  975 27440 1.283
  976  1710 2.287
  977  9274 0.589
  978 13898 1.899
  979 11751 1.264
  980  9142 0.692
  981 23127 0.750
  982 22420 1.119
  983 28631 2.539
  984  3873 0.806
  985 13605 0.865
  986 34286 3.416
  987 29838 0.595
  988 36812 2.582
  989  1723 0.736
  990 11483 1.039
  991  5625 4.801
  992 14118 0.697
  993 28233 0.892
  994 17915 2.093
  995  9023 0.829
  996 22659 0.800
  997 17755 2.406
  998 21365 0.929
  999 26521 1.092
