    1  4675 0.994
    2 19700 2.831
    3 11472 2.718
    4  9411 0.936
    5  4528 2.197
    6  7543 1.214
    7  7919 2.265
    8 34472 4.175
    9  7981 4.356
   10   486 4.610
   11 16568 1.262
   12  4858 1.574
   13  3462 1.102
   14 18093 1.302
   15 22148 3.258
   16 20633 6.447
   17 24446 1.985
   18  5306 1.705
   19 41665 1.930
   20 17485 1.210
   21 21883 5.293
   22 18487 2.474
   23 19390 16.917
   24 13531 16.530
   25 11831 4.678
   26 15107 13.368
   27 37681 1.341
   28    19 19.342
   29  3996 1.732
   30  9580 4.150
   31 18102 3.568
   32  6074 1.754
   33 29827 1.531
   34 18312 2.271
   35 29102 2.953
   36 14533 6.912
   37 34455 22.183
   38 14308 4.830
   39 23666 1.287
   40 11141 22.389
   41 12438 1.252
   42  5173 2.192
   43   708 29.166
   44 15949 3.900
   45  9549 26.456
   46  7102 2.172
   47 29048 1.773
   48 23205 2.589
   49 30847 7.415
   50 29673 0.770
   51   291 71.037
   52  5801 3.243
   53 26493 3.198
   54 16720 4.574
   55 10158 1.699
   56 35237 31.361
   57 18518 19.779
   58  8540 2.104
   59  7790 1.380
   60 14110 1.544
   61  6899 53.038
   62 16019 3.907
   63 23969 10.010
   64   407 31.536
   65 20375 2.095
   66 17694 3.550
   67 25045 5.115
   68 14386 21.893
   69  7994 2.885
   70 36880 14.829
   71 21135 5.225
   72 16172 1.537
   73 22510 1.902
   74   252 82.000
   75 24105 2.125
   76 24765 5.574
   77    32 2.435
   78 16914 1.932
   79 29957 15.471
   80 20310 4.680
   81 23059 3.666
   82 23837 30.080
   83  6437 6.328
   84  8971 3.176
   85 10788 1.882
   86 12805 2.965
   87  2402 45.799
   88 11478 2.718
   89 33891 25.506
   90  1738 2.678
   91 18065 1.131
   92 25205 3.615
   93 18413 29.024
   94  2790 15.201
   95 10353 2.606
   96  6645 1.398
   97  4676 2.394
   98  7291 2.467
   99 12497 1.877
  100 20734 33.312
  101 11112 6.060
  102 18738 2.696
  103  7471 1.481
  104 16388 6.241
  105 37364 2.521
  106 12922 27.851
  107 16585 6.679
  108 19063 16.177
  109 28333 8.969
  110  6846 2.630
  111 35600 6.516
  112  8745 88.355
  113 19059 59.317
  114 10980 2.962
  115 11103 3.134
  116 24198 1.337
  117 26348 2.579
  118  6867 2.827
  119 30052 4.913
  120 23457 1.492
  121 20623 17.087
  122 14113 7.142
  123 15819 6.994
  124  1236 9.987
  125 29251 3.422
  126 19141 1.208
  127 15690 7.380
  128  3689 5.266
  129 12555 11.766
  130 17339 1.251
  131  4699 3.227
  132 14311 2.491
  133 15992 12.971
  134    86 21.938
  135 26343 1.579
  136  7288 2.218
  137 31942 2.427
  138 37478 15.099
  139  4211 5.267
  140 18942 1.688
  141 21881 5.814
  142  4024 3.123
  143 24126 77.466
  144 28042 7.147
  145  6049 5.780
  146  9086 5.250
  147 35560 3.372
  148 10981 6.678
  149  7524 2.483
  150  4637 4.172
  151 12441 1.315
  152  8873 2.730
  153 20088 14.351
  154 13295 1.343
  155 12206 1.786
  156  8381 3.022
  157 15312 2.317
  158 14722 3.876
  159   879 107.125
  160  2756 16.672
  161 22170 1.853
  162 31979 2.428
  163 14260 1.409
  164 29064 6.116
  165 22258 1.970
  166   593 65.017
  167 30912 5.584
  168 18792 55.672
  169 19869 14.162
  170  4324 5.096
  171 11856 9.631
  172     0 1.441
  173  6123 4.190
  174 18862 10.685
  175 12158 7.317
  176  9916 1.738
  177 21823 6.090
  178  4184 1.939
  179  2675 25.435
  180 19737 8.262
  181  5861 5.293
  182  8672 17.317
  183 10994 3.141
  184 40338 2.865
  185  6523 15.313
  186 21222 1.421
  187  7598 2.731
  188 31874 5.817
  189 15175 9.407
  190 30979 1.027
  191 17049 4.839
  192 26340 1.347
  193 17334 2.960
  194  9459 1.977
  195 13336 2.481
  196 28938 1.260
  197 18745 4.044
  198 18679 2.754
  199  5584 8.933
  200 19651 2.827
  201 23596 3.419
  202 29056 4.666
  203 19417 3.325
  204  5902 7.832
  205  9081 4.858
  206  7654 5.987
  207  7748 13.281
  208  4391 2.802
  209  3495 3.480
  210  3854 13.299
  211 24879 7.225
  212 15050 2.217
  213 18363 6.526
  214 15417 5.836
  215  6940 2.603
  216  5544 14.874
  217 15024 6.312
  218 10397 1.987
  219 36213 7.949
  220 23279 2.582
  221 13439 12.402
  222  7562 8.445
  223 10674 1.994
  224  8037 2.330
  225 29518 11.080
  226 27564 2.958
  227  4828 2.823
  228  6468 1.623
  229 17479 1.221
  230 27220 2.738
  231  7030 11.845
  232  4209 1.718
  233 15818 3.042
  234  5210 27.648
  235 19959 5.166
  236 22222 6.140
  237 12144 13.168
  238 30479 13.719
  239 10210 8.008
  240 11090 3.083
  241  6641 1.498
  242   120 20.464
  243 12884 1.580
  244 31080 5.430
  245 12701 0.878
  246 11644 9.060
  247 14241 14.930
  248 20185 3.956
  249 21454 6.670
  250    13 1.568
  251 10123 2.020
  252 10984 11.929
  253 25025 5.939
  254 15237 0.956
  255  9269 6.309
  256 19027 2.886
  257 28716 10.326
  258 15748 1.268
  259 24348 19.813
  260 23143 2.087
  261 12041 1.399
  262 15805 5.270
  263  2742 22.919
  264 10483 2.832
  265  5731 3.672
  266 18615 2.235
  267 13472 3.588
  268  2805 11.121
  269  2936 3.656
  270  7707 1.121
  271 16626 3.266
  272 12338 6.340
  273 10802 152.942
  274 14117 5.965
  275  1289 9.937
  276 10263 1.325
  277  7658 4.317
  278 35144 4.313
  279 32612 5.078
  280  4938 11.698
  281 10048 20.655
  282 22141 3.302
  283  3940 4.040
  284 18228 12.620
  285 15432 2.074
  286 16295 2.068
  287 13103 6.348
  288  5745 58.607
  289  3236 1.058
  290  1000 1.119
  291  4864 15.294
  292  7665 2.524
  293 20604 22.162
  294  8330 2.112
  295 15552 24.828
  296 17570 1.375
  297 25629 3.566
  298 32372 24.036
  299 22883 4.664
  300 27784 2.173
  301  5534 6.638
  302 11330 2.043
  303 27200 13.509
  304  8426 55.422
  305 10804 4.213
  306 19530 2.600
  307  4803 10.024
  308  7378 4.492
  309 15353 2.763
  310 31717 6.532
  311 11322 1.780
  312  3671 3.601
  313 17751 2.286
  314    26 10.987
  315 39293 2.211
  316  6736 6.130
  317  4088 13.179
  318 17076 1.900
  319 18156 29.131
  320  8169 1.617
  321  7015 10.791
  322 17251 37.297
  323  5464 6.792
  324 28220 5.648
  325  7608 2.309
  326 32324 2.457
  327 13090 9.519
  328  8976 1.238
  329 29652 22.387
  330 28118 2.067
  331   779 23.855
  332 18809 2.489
  333  7607 2.016
  334 13698 1.691
  335 16206 4.966
  336 11080 1.554
  337 18747 2.841
  338 27847 1.749
  339  3191 1.092
  340    72 19.938
  341 37638 2.121
  342 21300 1.702
  343 24435 1.760
  344 14406 1.782
  345  8522 2.461
  346 14943 5.632
  347   800 99.220
  348  7530 4.295
  349  7745 3.578
  350 13749 2.425
  351 32428 2.127
  352  6252 86.688
  353 24301 2.971
  354  9580 11.177
  355 23417 2.610
  356 13168 4.099
  357 16156 15.823
  358 15224 15.764
  359  9489 1.485
  360 13051 8.162
  361 19793 3.116
  362 42438 3.697
  363   138 26.054
  364 20918 2.941
  365 14845 7.937
  366  2832 19.508
  367 23410 10.364
  368 17937 9.334
  369 13402 9.330
  370 15928 10.923
  371 17693 2.691
  372  6035 9.684
  373 20941 3.675
  374  1035 8.529
  375 16754 7.228
  376 18926 4.226
  377 12129 3.262
  378  1618 18.151
  379 17200 1.904
  380 15618 1.073
  381  9801 1.456
  382 28405 2.642
  383 16804 7.801
  384 27127 3.521
  385 10927 2.835
  386  7950 8.274
  387  4785 1.818
  388 22185 3.160
  389 10468 5.473
  390 17737 4.521
  391 12149 2.869
  392  5604 12.071
  393 11509 2.193
  394 26140 7.470
  395  8548 4.578
  396  8842 1.516
  397 31015 24.992
  398 28017 4.671
  399 13927 4.742
  400  9431 2.227
  401 20024 1.698
  402    86 20.555
  403 12458 6.522
  404  8230 9.936
  405 14307 3.447
  406  1637 18.029
  407  7605 2.387
  408 20542 11.670
  409 19866 11.967
  410 12566 1.470
  411  7585 2.965
  412 17221 28.406
  413 28071 1.848
  414 14404 8.820
  415 10186 1.317
  416  2540 15.151
  417 13104 1.289
  418 10729 4.931
  419 19215 1.770
  420  8294 3.249
  421  9485 1.863
  422  9595 4.771
  423 14817 11.913
  424 26440 2.284
  425 24290 1.976
  426     5 15.994
  427 26155 5.626
  428 24512 3.171
  429  4529 1.615
  430  8818 1.990
  431 21444 1.605
  432 14169 5.782
  433 21447 2.203
  434 29424 13.013
  435  6607 1.487
  436 12702 7.061
  437 21467 2.782
  438 10679 14.008
  439  5213 3.674
  440 29933 10.061
  441  7639 2.670
  442 11511 2.770
  443 19764 4.815
  444 26672 4.477
  445  7356 19.849
  446  9859 27.050
  447 12612 2.110
  448 27744 4.177
  449  6253 1.588
  450 35206 4.834
  451   124 21.208
  452  8689 3.419
  453 10571 10.550
  454 13319 4.400
  455  7388 2.677
  456  4914 1.090
  457 22665 4.133
  458  6808 12.877
  459 36148 2.273
  460 24023 33.708
  461  4442 4.092
  462  4886 15.439
  463 20987 20.675
  464  7673 6.207
  465 32303 1.640
  466 15089 2.672
  467  4588 1.530
  468 36279 2.779
  469  5150 2.777
  470    35 23.441
  471 39505 9.256
  472 12307 2.135
  473 13737 4.670
  474 10222 5.069
  475 20876 104.084
  476 13735 2.965
  477 22141 3.261
  478 14330 7.330
  479 17732 3.845
  480 18524 6.097
  481  3647 9.705
  482 29551 2.369
  483 24211 4.243
  484 14992 2.994
  485 21059 1.570
  486 30166 3.347
  487 15152 1.676
  488    19 1.600
  489 45423 4.232
  490  6318 10.459
  491  4001 15.896
  492 17360 1.891
  493    37 7.356
  494 11333 23.158
  495 26904 18.710
  496 26913 2.796
  497  1649 1.200
  498 38350 11.402
  499  3813 4.768
  500 11770 6.858
  501 13639 9.665
  502 19347 1.989
  503 13075 3.481
  504 21372 2.371
  505 16250 2.159
  506 15050 3.165
  507 36082 1.916
  508 28570 6.672
  509  8228 8.034
  510 23836 38.286
  511 11904 2.807
  512 29679 11.231
  513  6546 2.101
  514 20827 5.538
  515  4706 1.771
  516 32360 3.280
  517 35924 2.788
  518  5359 2.072
  519 10558 14.916
  520 28016 4.252
  521 19016 0.950
  522 21147 1.271
  523 38484 2.558
  524 27503 3.708
  525  9188 1.619
  526 13545 14.212
  527 21949 3.493
  528 11481 2.871
  529 11667 1.726
  530 14372 1.866
  531 11771 1.171
  532  5401 2.031
  533 28619 3.069
  534 15651 2.494
  535 12955 1.547
  536 15672 4.071
  537  5006 12.816
  538   544 140.723
  539 15946 2.125
  540 13479 4.204
  541 16638 11.576
  542 18308 10.365
  543 12794 13.614
  544  9072 3.381
  545 38061 5.819
  546 34245 11.956
  547 16987 2.345
  548 15717 93.490
  549 11892 0.972
  550  8524 3.020
  551 24244 8.329
  552  7740 2.886
  553 12671 6.834
  554 20311 12.261
  555  9136 2.634
  556  9740 75.879
  557 24322 2.627
  558  9905 6.340
  559 11133 45.715
  560 15104 2.866
  561 21680 3.730
  562  7261 2.388
  563 34782 2.252
  564  2637 9.792
  565 11936 2.289
  566 11955 1.109
  567  8143 3.129
  568 36901 1.937
  569 27273 17.970
  570 19752 1.467
  571 28716 4.790
  572 17610 1.899
  573 36218 6.510
  574 11710 1.179
  575 31570 3.020
  576 22048 83.738
  577 27833 16.877
  578 19060 20.168
  579  4946 3.241
  580 15599 10.788
  581 21343 3.256
  582 17127 6.223
  583    22 4.160
  584 12586 2.231
  585 32064 25.197
  586 14298 7.506
  587  5903 6.908
  588 22447 1.107
  589 12088 1.058
  590 25433 10.129
  591  9434 6.828
  592  7482 5.425
  593 17161 12.680
  594  9356 4.051
  595  9131 2.463
  596 20941 4.701
  597 32678 15.787
  598 10700 7.236
  599 15111 3.213
  600 13703 2.520
  601  7207 1.417
  602 15042 2.514
  603  9267 8.705
  604 24695 2.921
  605  7093 2.665
  606 42023 4.138
  607  5826 2.294
  608 13597 8.555
  609  5563 2.267
  610 24509 1.221
  611 30798 3.929
  612 18470 8.320
  613 35982 2.316
  614 14543 2.472
  615 21267 12.532
  616  5602 2.007
  617 28301 6.201
  618 11837 1.952
  619  7314 3.780
  620 17647 3.986
  621 17576 49.846
  622 20407 4.085
  623 15394 15.001
  624 32963 4.952
  625 22073 1.374
  626  8523 6.074
  627 25971 3.625
  628 27255 11.558
  629 11705 3.995
  630 12496 4.001
  631 38848 19.845
  632 11762 1.597
  633  4895 6.534
  634  9590 2.424
  635 14704 8.018
  636 13474 4.212
  637    62 25.120
  638  3699 1.309
  639 34927 2.082
  640 21102 7.783
  641 21520 1.788
  642  6782 1.059
  643 34193 6.435
  644 27239 1.328
  645 23643 9.623
  646 39071 8.259
  647  7371 1.608
  648  7156 1.802
  649   666 20.041
  650  8115 25.881
  651 22438 1.366
  652 30027 11.425
  653 16146 6.187
  654  8792 5.032
  655 17826 2.023
  656 10675 8.943
  657 16832 2.987
  658 11635 6.927
  659 12307 1.506
  660 15308 2.836
  661 15038 1.520
  662  3433 162.076
  663  9842 3.258
  664 12940 9.827
  665 19173 12.193
  666    47 14.073
  667 10659 3.265
  668 22177 6.685
  669  1746 3.865
  670 27567 14.580
  671  7216 1.474
  672 26468 8.970
  673 11733 5.214
  674  8606 51.160
  675 28562 4.061
  676 11320 136.510
  677 24348 4.172
  678 11589 3.044
  679  9170 9.175
  680 19756 22.155
  681  1096 27.001
  682  6738 7.561
  683 15320 16.198
  684  7985 18.404
  685 27077 0.892
  686 36519 1.651
  687 17678 1.269
  688  8266 3.798
  689 11478 1.497
  690 32519 1.218
  691 18174 0.898
  692 36788 2.727
  693  9723 6.129
  694  6369 1.255
  695  8646 7.873
  696    12 16.343
  697  4508 4.033
  698 24890 1.960
  699 21629 1.861
  700 38800 2.393
  701  6170 12.323
  702 20860 7.576
  703  9520 2.462
  704  8280 2.624
  705 38200 2.526
  706 22112 6.988
  707 26602 1.244
  708  9449 3.283
  709 17516 6.461
  710 15307 3.878
  711 15359 1.523
  712 17388 7.621
  713 19992 6.816
  714  9502 7.615
  715 33800 3.490
  716 10046 2.479
  717 34036 3.505
  718 36680 3.861
  719 26486 2.268
  720 19963 1.490
  721  7871 14.068
  722 26082 1.440
  723 28597 16.686
  724 27700 3.589
  725 16610 1.778
  726 26136 2.831
  727  6223 146.296
  728 11018 24.542
  729  5816 4.814
  730  5797 13.719
  731  4552 2.117
  732 31771 8.617
  733 22561 39.516
  734  8746 11.895
  735 14297 0.665
  736 27851 1.557
  737 42938 6.635
  738 22172 1.408
  739 31839 11.381
  740 12221 3.823
  741 13128 5.116
  742  9460 11.670
  743  5709 8.320
  744 10664 14.636
  745 15992 3.945
  746  6201 2.581
  747 29567 5.585
  748 15926 5.110
  749 10651 9.554
  750  5512 3.657
  751 14868 2.056
  752 20618 4.012
  753 22639 2.165
  754 10604 2.359
  755 24144 4.751
  756  7797 3.435
  757  5768 5.025
  758 13299 3.962
  759 15585 4.414
  760 11753 2.107
  761  8201 2.957
  762  3430 3.250
  763  8511 1.446
  764 33708 18.636
  765 20741 2.803
  766 24873 3.320
  767 15849 1.113
  768 33540 3.740
  769  9213 2.059
  770 26698 1.648
  771 24772 19.331
  772  6649 10.107
  773 12796 5.821
  774 12818 1.473
  775 24014 7.446
  776  4019 2.539
  777  9352 14.183
  778  4236 1.766
  779 30890 21.682
  780 12638 6.984
  781 29149 8.743
  782 24219 3.735
  783 10138 1.998
  784 24572 2.573
  785 14178 1.780
  786 16980 4.056
  787 17712 7.420
  788 23749 24.260
  789 30683 7.208
  790 19837 13.504
  791 33733 51.688
  792 11581 9.133
  793 14289 1.631
  794 13424 1.515
  795  4799 4.961
  796 11300 5.565
  797 26736 2.016
  798 15176 1.978
  799 11078 2.233
  800 10148 10.703
  801 14573 4.236
  802 15295 3.593
  803 11447 2.035
  804 27194 9.055
  805 13665 11.549
  806 25692 4.238
  807 24544 3.544
  808  5115 11.634
  809 15065 1.978
  810  6849 29.204
  811 37570 3.072
  812    18 3.835
  813   315 20.921
  814  5674 1.482
  815 20607 20.275
  816  8574 5.519
  817 17080 7.158
  818 24389 1.878
  819 13038 3.971
  820  8503 7.502
  821 11584 1.657
  822 18711 3.351
  823  5711 6.448
  824 15596 9.743
  825  9304 3.216
  826 27902 8.346
  827 20807 4.288
  828 15399 9.167
  829 34636 23.805
  830 17754 3.400
  831 36486 4.159
  832 24063 10.352
  833  6617 1.405
  834 10629 1.785
  835  5151 2.882
  836 24807 5.708
  837 11849 2.845
  838  3988 25.202
  839 21121 1.680
  840 29752 3.977
  841 14945 12.778
  842 10532 1.765
  843 23909 2.553
  844 35184 3.010
  845 26629 1.450
  846 20524 1.275
  847  7714 9.458
  848 24039 2.692
  849  7488 15.862
  850  6269 3.243
  851 23491 3.346
  852  4438 2.477
  853  4395 1.081
  854 30092 8.737
  855 23442 3.287
  856 15404 6.757
  857 17984 2.618
  858 27103 3.487
  859 22683 2.396
  860 17861 4.730
  861 18438 11.148
  862  7480 1.206
  863 21629 29.501
  864 13630 1.438
  865 13600 1.012
  866 14327 7.634
  867 10739 0.938
  868 17120 2.953
  869 12089 7.158
  870 22802 3.029
  871 35253 6.581
  872 11133 74.575
  873 32826 1.014
  874  4907 11.525
  875  4584 1.599
  876  2018 1.232
  877 21472 13.874
  878  9531 6.670
  879 25799 3.537
  880  9038 8.605
  881 17632 2.473
  882 22670 0.641
  883 32362 2.752
  884  9789 7.136
  885  9783 2.369
  886 13152 17.129
  887 23881 12.808
  888  8006 3.489
  889 15008 15.663
  890 27134 2.698
  891 29468 3.297
  892 30517 10.123
  893 13145 4.432
  894 28537 1.861
  895 27520 3.011
  896  4421 2.461
  897  2337 18.291
  898 28894 13.533
  899  4237 8.868
  900  7673 2.466
  901 11758 2.797
  902 17253 1.437
  903  8667 1.349
  904 19038 10.403
  905 38645 1.851
  906 12871 21.595
  907 11266 70.571
  908 36776 1.940
  909 20497 4.806
  910 10437 7.495
  911 15139 4.283
  912 11876 0.702
  913  7980 3.700
  914 33290 6.028
  915 27958 3.734
  916 19169 5.690
  917 12962 9.324
  918 16688 0.700
  919  9862 0.542
  920  8578 2.103
  921 33731 2.890
  922  9095 0.991
  923 34025 1.821
  924 20890 12.481
  925  4659 3.457
  926 17767 1.267
  927 11054 1.643
  928 20060 1.724
  929 27492 1.581
  930 34682 8.620
  931 14664 3.397
  932    39 3.624
  933  8547 2.462
  934  9871 37.713
  935  7003 1.451
  936 34478 2.660
  937  6529 2.789
  938 16239 2.829
  939 19541 1.509
  940 22058 40.762
  941 10253 0.500
  942  8889 5.906
  943  5961 0.726
  944  8437 10.335
  945 18455 3.710
  946 13568 2.608
  947 14307 8.161
  948 12089 3.405
  949  6852 3.191
  950 11198 13.293
  951 27383 2.903
  952  4728 5.348
  953  7055 1.711
  954  6999 14.628
  955  5763 14.174
  956 25284 5.696
  957  1039 20.191
  958  5280 9.294
  959  4670 8.654
  960 12024 1.199
  961 12050 0.737
  962 30400 1.477
  963 13527 1.350
  964  3596 8.007
  965 19530 0.582
  966  4690 28.218
  967 12775 2.403
  968 12556 3.628
  969 10256 3.197
  970 10668 1.833
  971 10911 2.129
  972 14955 13.363
  973 13330 0.780
  974  9830 5.395
  975 28510 3.716
  976   884 15.588
  977  9274 0.594
  978 13496 4.068
  979 12372 9.567
  980  9168 1.060
  981 23097 1.070
  982 22379 1.543
  983 28797 3.657
  984  3808 2.998
  985 13585 2.354
  986 34966 4.812
  987 29844 0.910
  988 36718 4.256
  989  1979 1.957
  990 10923 2.274
  991  5838 5.660
  992 14089 1.861
  993 28218 1.318
  994 17886 3.810
  995  9042 1.670
  996 22665 1.570
  997 17754 6.446
  998 21749 3.317
  999 26521 1.097
