    1  4675 2.865
    2 19700 2.531
    3 11389 2.697
    4  9411 0.998
    5  4528 1.983
    6  7543 1.519
    7  7919 2.670
    8 34472 4.076
    9  7981 4.474
   10   448 3.615
   11 16568 1.343
   12  4858 1.411
   13  3462 1.195
   14 18093 1.102
   15 22148 3.826
   16 20615 5.267
   17 24446 2.148
   18  5399 1.549
   19 41665 2.207
   20 17485 1.305
   21 21883 5.651
   22 18426 4.458
   23 19267 18.419
   24 13442 14.059
   25 11799 4.221
   26 15101 12.738
   27 37681 1.278
   28    20 20.964
   29  3996 1.780
   30  9580 3.981
   31 18102 3.578
   32  6074 2.019
   33 29827 1.765
   34 18326 2.025
   35 29102 3.399
   36 14431 6.029
   37 34967 14.749
   38 14308 5.484
   39 23666 1.437
   40 12951 5.032
   41 12438 1.201
   42  5173 2.471
   43   861 26.272
   44 16085 3.516
   45 10016 14.319
   46  7102 1.748
   47 29048 1.724
   48 23205 3.037
   49 30936 5.794
   50 29673 1.157
   51   362 63.465
   52  5874 2.597
   53 26493 2.978
   54 16690 4.389
   55 10158 1.694
   56 35093 27.778
   57 18671 19.872
   58  8540 2.078
   59  7790 1.319
   60 14110 1.212
   61  7734 18.641
   62 17786 3.140
   63 23981 6.647
   64   466 28.128
   65 20389 2.081
   66 17779 3.515
   67 25049 5.517
   68 15048 14.122
   69  7994 2.826
   70 36526 13.624
   71 21135 5.803
   72 16172 1.882
   73 22510 1.879
   74   252 81.283
   75 24106 2.407
   76 24871 4.382
   77    22 1.116
   78 16914 1.974
   79 30139 14.003
   80 20310 4.432
   81 23043 3.343
   82 25311 18.161
   83  6459 4.807
   84  8971 2.975
   85 10788 3.293
   86 13079 2.540
   87  2504 32.795
   88 11478 2.589
   89 34156 14.183
   90  1741 2.341
   91 18065 1.151
   92 25274 3.743
   93 20767 12.563
   94  3407 5.658
   95 10353 1.847
   96  6645 0.959
   97  4676 2.409
   98  7296 1.995
   99 12497 2.051
  100 20639 31.894
  101 11292 4.570
  102 18738 2.573
  103  7471 1.405
  104 16400 5.001
  105 37364 2.678
  106 14035 12.203
  107 16585 6.128
  108 19170 8.463
  109 28407 7.939
  110  6846 2.533
  111 35704 6.712
  112  9145 81.050
  113 21031 35.108
  114 10980 2.568
  115 11103 2.921
  116 24198 1.313
  117 26348 2.856
  118  6867 2.477
  119 30002 5.508
  120 23457 1.476
  121 21982 13.244
  122 14125 6.202
  123 15819 6.312
  124  1606 7.436
  125 29251 3.094
  126 19141 1.351
  127 16666 7.324
  128  3680 5.297
  129 13188 8.591
  130 17339 1.403
  131  4658 3.265
  132 14311 2.687
  133 15642 16.517
  134    86 22.106
  135 26343 1.602
  136  7288 2.565
  137 31942 2.512
  138 37606 14.086
  139  4211 4.904
  140 18942 1.597
  141 21829 5.461
  142  4024 2.787
  143 26483 15.799
  144 28046 6.269
  145  6175 4.063
  146  9032 4.903
  147 35560 3.174
  148 11014 6.455
  149  7562 2.642
  150  4637 3.859
  151 12441 1.652
  152  8904 1.745
  153 20185 10.493
  154 13295 1.337
  155 12206 1.976
  156  8371 2.232
  157 15373 2.842
  158 14722 4.052
  159  1431 17.494
  160  4995 7.234
  161 22170 2.412
  162 31979 2.202
  163 14260 1.801
  164 29025 5.487
  165 22258 1.825
  166  1984 16.254
  167 30912 5.722
  168 24502 11.848
  169 19497 17.522
  170  4224 6.148
  171 11785 10.410
  172     0 1.347
  173  6123 3.856
  174 18991 8.438
  175 12119 8.267
  176  9916 2.039
  177 21817 5.151
  178  4222 1.948
  179  2544 18.042
  180 19737 7.893
  181  7646 4.210
  182  9289 13.869
  183 10994 2.866
  184 40338 3.201
  185  6557 10.749
  186 21222 1.073
  187  7618 1.879
  188 31874 5.376
  189 15308 9.044
  190 30979 2.768
  191 17031 5.422
  192 26340 1.414
  193 17340 2.700
  194  9459 2.094
  195 13336 2.644
  196 28938 1.229
  197 18745 3.835
  198 18711 2.980
  199  6810 6.936
  200 19667 2.656
  201 23600 2.994
  202 29086 4.583
  203 19417 3.336
  204  6722 4.031
  205  9114 3.820
  206  7760 4.269
  207  7807 12.150
  208  4387 2.756
  209  3414 3.604
  210  7204 4.417
  211 24862 6.267
  212 15050 1.946
  213 18385 6.686
  214 15404 4.764
  215  7581 2.223
  216  5641 12.742
  217 15024 6.407
  218 10397 2.102
  219 36213 7.698
  220 23279 2.768
  221 16877 9.235
  222  7573 7.584
  223 10726 1.752
  224  8027 2.791
  225 29441 8.474
  226 27563 2.610
  227  4914 2.791
  228  6468 1.774
  229 17479 1.589
  230 27220 2.926
  231  8263 9.706
  232  4209 3.227
  233 15830 3.283
  234  5963 8.965
  235 19922 6.225
  236 22222 5.652
  237 12470 13.795
  238 30780 8.575
  239 10219 7.368
  240 11090 3.179
  241  6653 1.650
  242  4361 37.996
  243 12884 2.223
  244 31006 4.436
  245 12701 1.073
  246 11713 9.747
  247 14376 9.717
  248 20185 3.619
  249 21454 7.450
  250    13 1.499
  251 10123 1.897
  252 14487 3.119
  253 25025 5.620
  254 15237 1.110
  255  9290 5.867
  256 19027 3.448
  257 28770 9.707
  258 15748 1.473
  259 25740 6.108
  260 23143 2.087
  261 12041 1.449
  262 15546 5.041
  263  2556 18.531
  264 10496 2.943
  265  5731 3.968
  266 18608 2.272
  267 13452 3.738
  268  2789 5.895
  269  2936 3.101
  270  7707 1.085
  271 16996 3.372
  272 13483 3.752
  273 12643 128.612
  274 14106 6.278
  275  1357 10.619
  276 10263 1.634
  277  7617 3.992
  278 35171 3.764
  279 32611 4.173
  280  6933 5.803
  281 17184 4.758
  282 22248 3.235
  283  3940 4.030
  284 18198 12.840
  285 15492 1.910
  286 16295 2.170
  287 12925 6.527
  288  7912 15.558
  289  3236 1.169
  290  1000 1.493
  291  4973 11.063
  292  7665 2.262
  293 21091 15.426
  294  8330 1.868
  295 16808 17.650
  296 17570 1.103
  297 25629 3.387
  298 32394 21.858
  299 22856 5.027
  300 27784 2.468
  301  5553 5.712
  302 11438 2.137
  303 27204 11.725
  304 13398 12.314
  305 10804 4.531
  306 19258 2.445
  307  4883 8.436
  308  7378 4.237
  309 15339 2.432
  310 31717 5.941
  311 11322 1.596
  312  3632 3.386
  313 17751 3.619
  314    26 10.198
  315 39293 2.103
  316  6829 4.566
  317  4160 16.640
  318 17076 2.242
  319 18111 30.223
  320  8169 1.723
  321  6762 10.143
  322 17402 30.447
  323  6348 4.042
  324 28269 5.311
  325  7608 2.489
  326 32324 2.288
  327 13493 9.516
  328  8976 1.238
  329 32024 13.398
  330 28118 2.067
  331   765 21.602
  332 18861 2.582
  333  7573 1.772
  334 13698 2.599
  335 16206 7.741
  336 11080 1.495
  337 18716 2.820
  338 27847 1.835
  339  3191 1.630
  340    72 18.890
  341 37638 1.959
  342 21300 1.959
  343 24435 2.188
  344 14406 1.621
  345  8522 2.526
  346 14960 5.174
  347   883 95.031
  348  7530 3.581
  349  7704 3.290
  350 13749 3.191
  351 32428 7.434
  352  8361 34.482
  353 24277 2.862
  354  9653 11.144
  355 23417 4.026
  356 13168 3.978
  357 17163 16.291
  358 15307 10.138
  359  9489 1.600
  360 13051 7.499
  361 19763 3.104
  362 42438 3.875
  363  5762 10.994
  364 20918 2.318
  365 14790 8.168
  366  2740 16.204
  367 23449 9.330
  368 17939 8.150
  369 13371 8.332
  370 15928 11.131
  371 17703 2.893
  372  6195 6.406
  373 21036 3.637
  374  1173 6.354
  375 16756 4.955
  376 18812 3.307
  377 12528 2.901
  378  3915 11.316
  379 17200 2.109
  380 15618 1.046
  381  9801 1.348
  382 28405 3.126
  383 16804 7.367
  384 27142 3.792
  385 11027 2.692
  386  7906 5.864
  387  4785 1.752
  388 22185 2.941
  389 10468 5.239
  390 17737 3.595
  391 12149 2.514
  392  5641 9.542
  393 11509 2.345
  394 26150 7.131
  395  8508 4.002
  396  8842 1.226
  397 31074 19.001
  398 28017 5.577
  399 13927 5.106
  400  9431 2.235
  401 20024 1.973
  402  2584 27.156
  403 12442 6.461
  404  8198 6.816
  405 14311 3.352
  406  1677 15.290
  407  7610 2.293
  408 20542 10.721
  409 19839 12.366
  410 12566 1.323
  411  7587 2.974
  412 17222 23.107
  413 28071 1.508
  414 14478 7.579
  415 10186 1.744
  416  9605 20.548
  417 13104 3.200
  418 10730 6.500
  419 19215 1.542
  420  8295 4.410
  421  9485 1.804
  422  9595 3.718
  423 14795 10.152
  424 26440 1.863
  425 24290 1.942
  426     5 16.902
  427 26155 5.543
  428 24512 3.191
  429  4523 1.970
  430  8807 1.961
  431 21454 1.650
  432 13664 6.044
  433 21447 2.336
  434 29471 8.490
  435  6607 1.543
  436 12702 6.395
  437 21467 2.703
  438 10672 15.026
  439  5527 3.142
  440 29985 8.225
  441  7639 2.287
  442 11511 2.566
  443 19764 4.701
  444 26672 4.560
  445  7275 12.087
  446 10753 20.176
  447 12612 1.903
  448 27769 3.264
  449  6253 1.486
  450 34976 4.787
  451   124 18.476
  452  8702 5.042
  453 10467 11.436
  454 13291 6.197
  455  7388 3.919
  456  4914 1.086
  457 22676 5.839
  458  6753 7.920
  459 36148 3.786
  460 23992 29.376
  461  4615 3.585
  462  7188 14.786
  463 21055 17.560
  464  7736 5.742
  465 32303 1.414
  466 15089 2.658
  467  4588 1.873
  468 36279 2.842
  469  5150 2.183
  470    35 20.784
  471 39505 11.096
  472 12440 4.258
  473 13755 3.856
  474 11716 4.074
  475 26418 28.677
  476 13775 4.561
  477 22202 2.107
  478 14605 5.557
  479 17715 4.832
  480 18525 8.090
  481  3633 10.589
  482 29551 2.468
  483 24211 5.634
  484 14992 2.773
  485 21059 1.356
  486 30186 4.292
  487 15152 1.790
  488    19 2.446
  489 45423 4.913
  490  6301 7.457
  491  3766 14.540
  492 17360 1.821
  493    37 5.889
  494 11499 16.234
  495 26910 16.243
  496 26913 4.781
  497  1649 0.967
  498 38351 11.906
  499  3888 5.797
  500 11778 7.323
  501 13791 10.850
  502 19347 1.813
  503 13082 5.424
  504 21372 2.410
  505 16250 2.180
  506 15048 4.401
  507 36082 1.751
  508 28724 5.803
  509  8790 6.781
  510 25974 17.510
  511 11859 1.849
  512 29695 8.454
  513  6546 2.211
  514 20773 5.849
  515  4706 1.641
  516 32498 8.030
  517 35924 2.924
  518  5359 3.027
  519 11148 12.351
  520 28016 6.309
  521 19016 0.946
  522 21147 4.028
  523 38484 4.385
  524 27503 3.278
  525  9188 4.073
  526 13541 14.326
  527 21949 3.440
  528 11481 2.620
  529 11659 1.577
  530 14299 1.961
  531 11771 0.949
  532  5401 1.586
  533 28619 3.169
  534 15651 2.302
  535 12955 1.707
  536 15676 3.638
  537  5778 8.814
  538   454 38.166
  539 15946 2.069
  540 13323 5.889
  541 16638 16.633
  542 18308 11.756
  543 12953 12.548
  544  9072 3.464
  545 38034 5.291
  546 34240 11.469
  547 16987 2.274
  548 19317 34.070
  549 11892 1.756
  550  8516 4.768
  551 24244 11.082
  552  7740 4.424
  553 12680 6.986
  554 20227 8.883
  555  9083 4.953
  556 13226 29.339
  557 24317 2.951
  558  9918 7.535
  559 11477 20.875
  560 15091 3.749
  561 21650 3.098
  562  7274 2.195
  563 34782 2.113
  564  2728 8.860
  565 11936 2.315
  566 11955 0.971
  567  8147 2.138
  568 36901 1.842
  569 27358 14.098
  570 19752 1.819
  571 28716 5.731
  572 17610 1.871
  573 36258 9.765
  574 11761 2.880
  575 31570 2.106
  576 24202 24.775
  577 30223 15.067
  578 19143 15.509
  579  4998 3.338
  580 15783 11.648
  581 21343 3.697
  582 17049 6.851
  583    22 3.903
  584 12726 2.101
  585 32256 16.092
  586 14298 7.092
  587  6159 4.283
  588 22447 1.069
  589 12088 1.619
  590 25463 9.879
  591  9434 6.371
  592  8128 5.823
  593 17109 11.614
  594  9098 5.375
  595  9131 4.245
  596 20873 3.670
  597 32692 19.527
  598 10712 8.197
  599 15111 3.153
  600 13703 4.275
  601  7207 1.246
  602 15119 4.033
  603  9225 7.316
  604 24695 2.744
  605  7093 2.517
  606 42023 5.126
  607  5708 2.435
  608 13713 5.623
  609  5867 2.436
  610 24509 1.204
  611 30682 5.881
  612 18433 9.342
  613 35982 2.228
  614 14543 4.179
  615 21267 13.252
  616  5606 2.959
  617 28278 8.484
  618 11837 1.562
  619  7314 5.348
  620 17647 5.284
  621 19813 19.967
  622 20407 8.702
  623 21381 8.227
  624 32969 4.893
  625 22073 1.779
  626  8546 4.377
  627 25971 3.483
  628 27255 11.331
  629 11705 3.776
  630 12501 2.894
  631 38678 20.276
  632 11762 1.419
  633  4908 6.929
  634  9590 2.263
  635 14704 11.033
  636 13474 6.314
  637    62 26.697
  638  3699 2.621
  639 34927 2.052
  640 21102 8.888
  641 21520 1.383
  642  6782 1.095
  643 34193 7.719
  644 27239 1.399
  645 24094 6.772
  646 39069 7.730
  647  7371 1.452
  648  7156 1.676
  649   716 16.189
  650  9212 20.452
  651 22438 1.056
  652 29993 9.930
  653 16184 10.536
  654  8800 5.367
  655 17826 1.767
  656 10622 11.696
  657 16832 3.270
  658 11595 7.986
  659 12307 1.469
  660 15308 3.495
  661 15038 1.482
  662  3330 182.765
  663  9842 2.262
  664 12940 7.061
  665 20332 4.174
  666    56 5.899
  667 10659 1.501
  668 23599 2.225
  669  1896 1.400
  670 27533 7.426
  671  7216 0.777
  672 26425 3.895
  673 11623 5.743
  674 13074 9.019
  675 28562 5.918
  676 12789 44.556
  677 24309 4.538
  678 11589 2.713
  679  9068 7.890
  680 19650 21.431
  681  1421 13.792
  682  6783 7.443
  683 15366 12.223
  684  8003 21.000
  685 27077 1.731
  686 36519 2.724
  687 17678 2.481
  688  8266 6.566
  689 11830 1.899
  690 32519 2.519
  691 18174 2.193
  692 36788 5.443
  693 13203 7.824
  694  6369 1.255
  695  9580 7.942
  696    12 20.151
  697  4508 4.127
  698 24890 1.840
  699 21629 1.652
  700 38800 2.673
  701  6941 8.967
  702 20860 6.934
  703  9520 2.330
  704  8325 2.381
  705 38200 2.772
  706 22382 4.426
  707 26602 1.071
  708  9449 2.780
  709 17516 6.082
  710 15320 3.133
  711 15359 1.399
  712 17377 6.057
  713 19992 6.038
  714  9494 6.826
  715 33824 4.804
  716 10046 2.190
  717 34036 4.880
  718 36631 3.527
  719 26486 1.718
  720 19963 1.214
  721  7837 13.605
  722 26082 1.224
  723 28648 12.674
  724 27700 3.048
  725 16610 1.644
  726 26136 2.659
  727  7041 122.171
  728 11445 17.302
  729  5807 3.394
  730  5419 7.406
  731  4552 1.014
  732 31885 4.348
  733 22529 23.795
  734  8805 10.045
  735 14297 0.801
  736 27851 1.615
  737 42938 7.874
  738 22155 1.297
  739 31809 10.134
  740 12221 3.621
  741 13135 4.255
  742 10503 8.624
  743  5709 8.299
  744 10782 12.673
  745 15969 3.361
  746  6201 2.251
  747 29567 4.801
  748 15931 3.054
  749 11451 6.190
  750  5556 3.143
  751 14852 1.680
  752 20841 2.905
  753 22639 1.547
  754 10604 2.171
  755 24144 4.654
  756  7809 3.303
  757  5768 5.144
  758 13299 3.638
  759 15513 4.692
  760 11753 2.058
  761  8201 2.888
  762  3390 3.392
  763  8511 1.503
  764 33708 19.387
  765 20741 2.736
  766 24873 2.684
  767 15849 1.136
  768 33542 3.126
  769  9109 2.093
  770 26698 1.233
  771 24723 11.337
  772  6740 7.333
  773 12790 5.029
  774 12818 1.217
  775 24050 4.682
  776  4019 2.176
  777  9700 5.723
  778  4226 2.253
  779 31227 13.137
  780 12616 5.678
  781 29149 8.210
  782 24215 3.379
  783 10138 1.962
  784 24546 1.921
  785 14178 1.423
  786 16990 3.605
  787 17945 5.137
  788 23749 22.787
  789 30813 5.441
  790 19820 11.138
  791 33002 56.904
  792 11581 4.598
  793 14289 1.550
  794 13424 1.330
  795  4785 3.924
  796 11245 4.526
  797 26736 1.909
  798 15176 1.535
  799 11078 2.184
  800 10175 8.244
  801 14589 3.784
  802 15295 4.066
  803 11447 1.788
  804 27194 8.938
  805 13688 8.968
  806 25692 3.724
  807 24544 3.074
  808  4940 6.375
  809 15065 1.741
  810  7114 25.299
  811 37570 2.968
  812    18 3.019
  813   514 9.633
  814  5674 1.497
  815 20730 15.874
  816  8574 4.997
  817 17106 6.688
  818 24389 2.179
  819 12892 4.175
  820 10029 5.215
  821 11584 1.760
  822 18711 3.084
  823  5711 6.182
  824 15501 7.721
  825  9293 2.738
  826 27902 7.275
  827 20807 3.983
  828 15719 5.172
  829 34590 21.941
  830 17754 2.995
  831 36486 3.355
  832 24019 9.353
  833  6617 1.287
  834 10629 1.883
  835  5151 3.057
  836 24832 4.855
  837 11849 2.609
  838  4917 21.593
  839 21121 1.806
  840 29752 3.321
  841 14872 12.058
  842 10532 1.116
  843 23909 2.568
  844 35184 2.665
  845 26629 1.152
  846 20524 1.224
  847  7467 8.373
  848 24039 2.449
  849  7210 11.187
  850  6278 2.892
  851 23491 3.058
  852  4446 2.170
  853  4395 1.013
  854 30120 7.779
  855 23484 2.847
  856 15387 6.872
  857 17984 2.612
  858 27103 3.033
  859 22683 2.064
  860 17861 4.430
  861 18492 8.808
  862  7480 1.265
  863 21547 19.500
  864 13630 1.243
  865 13600 1.154
  866 14347 6.007
  867 10739 0.794
  868 17120 2.590
  869 12501 5.535
  870 22802 2.746
  871 35266 5.187
  872 12956 24.569
  873 32826 1.298
  874  6148 3.766
  875  4798 2.346
  876  2018 2.192
  877 21479 19.910
  878  9470 7.917
  879 25844 5.252
  880  9055 9.558
  881 17632 3.845
  882 22670 1.077
  883 32328 1.867
  884  9760 5.068
  885  9793 2.114
  886 15899 5.180
  887 25155 8.032
  888  8288 2.555
  889 15109 12.888
  890 27134 2.638
  891 29468 2.665
  892 30517 10.290
  893 13147 4.280
  894 28537 2.521
  895 27520 2.626
  896  4404 2.193
  897  2302 17.618
  898 28894 13.206
  899  4273 8.895
  900  7673 2.589
  901 11750 2.496
  902 17253 1.356
  903  8667 1.457
  904 19088 6.780
  905 38645 1.702
  906 12827 13.423
  907 14346 20.668
  908 36776 2.485
  909 20490 5.425
  910 10424 8.907
  911 15460 5.020
  912 11876 1.413
  913  7997 3.960
  914 33323 6.889
  915 28099 3.990
  916 19159 6.183
  917 12969 6.574
  918 16688 0.760
  919  9862 0.629
  920  8578 2.460
  921 33731 3.621
  922  9095 1.432
  923 34025 1.978
  924 24006 6.730
  925  4659 3.111
  926 17767 1.197
  927 11054 1.328
  928 20060 1.636
  929 27492 1.189
  930 34675 6.279
  931 14664 3.249
  932    39 3.208
  933  8547 2.658
  934  9300 46.621
  935  7003 1.378
  936 34482 2.084
  937  6529 2.474
  938 16338 1.823
  939 19541 1.076
  940 22664 31.757
  941 10253 0.414
  942  8717 4.054
  943  5951 0.555
  944  9505 6.297
  945 18426 2.835
  946 13555 2.043
  947 14331 6.012
  948 12162 1.966
  949  6830 2.834
  950 11223 7.997
  951 27383 2.919
  952  4758 4.854
  953  7055 1.673
  954  7459 10.670
  955  5695 11.265
  956 25294 6.512
  957  2367 5.784
  958  5341 11.405
  959  4951 6.232
  960 12024 1.617
  961 12050 1.123
  962 30436 1.729
  963 13527 1.675
  964  3725 6.654
  965 19530 0.629
  966  5021 21.550
  967 12775 2.713
  968 12503 2.673
  969 10176 3.597
  970 10668 1.785
  971 10911 2.467
  972 15809 9.637
  973 13330 0.806
  974  9830 5.403
  975 28654 3.350
  976  1721 5.565
  977  9274 0.940
  978 14140 3.574
  979 12491 7.199
  980  9168 1.170
  981 23097 1.292
  982 22379 2.215
  983 28797 3.373
  984  3823 1.482
  985 13585 1.576
  986 34946 3.553
  987 29844 0.778
  988 36718 3.915
  989  2053 1.860
  990 11497 1.780
  991  5838 4.847
  992 14089 1.569
  993 28218 1.193
  994 17902 3.765
  995  9042 1.767
  996 22665 1.338
  997 17971 4.458
  998 21811 3.041
  999 26521 1.189
