    1  4658 1.022
    2 19700 1.701
    3 11321 1.381
    4  9411 0.927
    5  4528 1.737
    6  7533 1.016
    7  7921 1.873
    8 34467 2.180
    9  7975 3.306
   10   182 1.391
   11 16568 0.936
   12  4881 1.243
   13  3457 0.997
   14 18093 0.987
   15 22140 1.796
   16 20581 3.627
   17 24479 1.190
   18  5409 0.940
   19 41631 1.729
   20 17485 0.864
   21 21863 2.973
   22 18464 1.324
   23 19256 14.747
   24 13115 7.257
   25 11853 2.407
   26 14998 9.232
   27 37643 1.230
   28   156 1.748
   29  3988 1.173
   30  9583 2.650
   31 18094 2.423
   32  6074 1.284
   33 29847 0.951
   34 18349 1.034
   35 29102 2.193
   36 14367 3.807
   37 34808 6.529
   38 14270 3.096
   39 23666 1.186
   40 13280 2.655
   41 12433 0.906
   42  5615 1.074
   43   155 6.596
   44 16178 2.173
   45 10057 4.895
   46  7102 1.594
   47 29010 1.196
   48 23208 1.582
   49 30892 3.970
   50 29673 0.779
   51   128 1.028
   52  5796 2.102
   53 26464 1.488
   54 16631 2.648
   55 10145 0.988
   56 35071 20.537
   57 18377 9.843
   58  8540 1.501
   59  7766 1.099
   60 14088 1.190
   61  7789 8.626
   62 17796 1.818
   63 23957 4.475
   64   212 1.043
   65 20389 1.624
   66 17671 2.164
   67 25019 3.228
   68 14826 2.811
   69  7986 1.993
   70 35303 3.732
   71 21081 3.130
   72 16172 1.190
   73 22510 1.428
   74    57 2.929
   75 24106 1.625
   76 24888 1.832
   77    24 0.655
   78 16930 1.106
   79 29887 5.750
   80 19260 2.588
   81 23060 2.243
   82 25569 6.551
   83  6435 3.752
   84  8985 1.066
   85 10788 1.227
   86 12967 1.883
   87  3045 6.699
   88 11475 2.030
   89 34050 9.599
   90  1681 1.599
   91 18065 1.054
   92 25330 2.232
   93 20704 5.928
   94  3321 1.646
   95 10323 1.133
   96  6645 0.839
   97  4661 1.219
   98  7299 1.356
   99 12497 1.530
  100 20523 20.516
  101 11315 3.467
  102 18552 1.798
  103  7482 1.003
  104 16331 2.380
  105 37364 1.439
  106 14412 3.658
  107 16494 3.972
  108 19153 4.237
  109 28315 5.613
  110  6826 1.367
  111 35572 4.392
  112 10742 22.318
  113 22402 10.858
  114 10910 2.648
  115 11076 1.717
  116 24198 1.163
  117 26413 1.790
  118  6857 1.499
  119 30002 2.671
  120 23457 1.167
  121 26283 4.792
  122 14099 4.070
  123 15557 4.439
  124   203 0.715
  125 29236 1.885
  126 19141 1.232
  127   260 1.183
  128  3664 3.490
  129 13089 3.071
  130 17346 1.049
  131  4657 2.029
  132 14311 2.528
  133 15290 9.586
  134  4806 2.059
  135 26343 1.157
  136  7288 1.698
  137 31934 1.824
  138 37401 9.681
  139  4211 3.118
  140 18942 1.236
  141 21887 3.260
  142  4067 1.758
  143 26486 6.562
  144 28097 2.651
  145  6116 2.061
  146  9013 3.038
  147 35560 2.445
  148 10996 3.645
  149  8702 1.586
  150  4691 2.885
  151 12364 1.130
  152  8904 1.307
  153 20093 6.033
  154 13295 0.810
  155 12177 1.508
  156  8346 1.471
  157 15163 2.513
  158 14632 2.396
  159   734 7.089
  160  5091 2.314
  161 22184 1.195
  162 31979 1.726
  163 14260 1.368
  164 29124 2.756
  165 22237 0.969
  166  2983 2.815
  167 30897 4.162
  168 24527 4.176
  169 19694 9.878
  170  3863 2.426
  171 11781 8.307
  172    32 0.755
  173  6118 3.400
  174 18860 5.390
  175 11970 3.684
  176  9923 1.036
  177 21577 2.333
  178  4196 1.258
  179  2692 9.481
  180 19662 3.454
  181  8529 0.908
  182  8877 3.208
  183 10975 1.621
  184 40354 1.877
  185  6586 4.141
  186 21230 1.010
  187  7618 1.477
  188 31789 4.659
  189 15214 3.908
  190 30979 1.059
  191 17146 3.188
  192 26340 1.225
  193 17340 1.234
  194  9442 1.144
  195 13260 0.992
  196 28930 1.137
  197 18725 2.413
  198 18604 1.959
  199  6816 4.840
  200 19607 1.389
  201 23594 2.296
  202 29014 1.913
  203 19414 2.016
  204  6733 1.663
  205  9120 2.037
  206  7614 2.183
  207  7816 8.022
  208  4470 1.291
  209  3198 1.945
  210  7250 2.031
  211 24881 4.340
  212 15050 1.363
  213 18372 4.053
  214 15897 2.064
  215  7585 1.093
  216  5714 8.059
  217 15030 2.809
  218 10406 1.250
  219 36266 5.018
  220 23244 1.589
  221 18931 1.538
  222  7239 3.333
  223 10722 1.146
  224  8017 1.624
  225 29459 4.867
  226 27639 1.562
  227  4801 1.360
  228  6519 0.823
  229 17474 0.888
  230 27208 1.413
  231  8881 3.434
  232  4152 1.732
  233 15830 1.682
  234  6010 4.329
  235 19881 3.818
  236 22207 4.591
  237 12337 9.727
  238 30694 5.440
  239 10025 5.131
  240 11064 1.840
  241  6665 0.912
  242  4824 2.692
  243 12884 1.263
  244 31057 2.238
  245 12701 0.716
  246 11272 3.971
  247 14314 4.700
  248 20146 1.628
  249 21421 4.575
  250    13 0.994
  251 10042 1.378
  252 14499 1.736
  253 24967 3.526
  254 15237 0.696
  255  9167 2.676
  256 19005 1.740
  257 28636 6.251
  258 15680 0.852
  259 27885 2.052
  260 23113 1.526
  261 12041 1.087
  262 15651 2.428
  263  4365 2.880
  264 10486 1.477
  265  5731 2.845
  266 18601 1.807
  267 12211 1.846
  268  3271 1.809
  269  2917 2.300
  270  7707 0.938
  271 17035 1.546
  272 12891 1.219
  273 15108 19.550
  274 14120 4.238
  275   641 1.223
  276 10263 1.048
  277  7688 2.386
  278 35247 2.235
  279 32542 2.700
  280  7844 1.498
  281 17140 2.410
  282 22258 1.351
  283  3940 3.325
  284 18198 10.617
  285 15492 1.062
  286 16183 1.157
  287 12886 3.578
  288  9616 2.924
  289  3236 1.063
  290  1000 0.830
  291  5846 3.850
  292  7665 1.456
  293 21070 10.313
  294  8280 1.157
  295 16274 4.784
  296 17570 0.885
  297 25642 2.164
  298 32280 21.709
  299 22811 2.209
  300 27784 1.666
  301  5550 2.327
  302 11384 1.085
  303 27225 7.015
  304 13287 7.747
  305 10783 1.530
  306 19111 1.604
  307  4916 3.670
  308  7372 3.056
  309 15339 1.400
  310 31677 3.761
  311 11322 1.149
  312  3611 1.904
  313 17739 1.686
  314  4202 0.970
  315 39344 1.382
  316  6832 2.223
  317  4091 7.373
  318 17076 1.336
  319 18075 20.907
  320  8144 0.931
  321  6673 3.144
  322 17136 23.919
  323  6196 2.210
  324 28238 2.909
  325  7608 1.411
  326 32288 1.803
  327 14474 2.592
  328  8976 0.836
  329 32044 4.600
  330 28118 1.153
  331   303 0.804
  332 18876 1.393
  333  7524 1.196
  334 13698 0.897
  335 16191 2.968
  336 11080 1.112
  337 18716 1.899
  338 27841 1.325
  339  3191 0.950
  340    84 0.945
  341 37638 1.128
  342 21300 1.453
  343 24435 1.375
  344 14406 1.029
  345  8516 1.806
  346 14811 1.799
  347  1118 3.841
  348  7379 2.328
  349  7706 2.620
  350 13749 1.990
  351 32437 1.104
  352 11161 4.600
  353 24340 1.886
  354  9747 3.920
  355 23349 2.033
  356 12971 1.941
  357 19844 3.405
  358 15314 4.099
  359  9489 1.062
  360 13084 5.706
  361 19709 1.606
  362 42422 1.827
  363  6287 8.522
  364 20941 1.679
  365 14724 4.033
  366  2718 9.776
  367 23271 7.686
  368 17873 5.693
  369 13304 4.161
  370 15927 7.302
  371 17703 1.667
  372  6235 1.876
  373 20828 2.295
  374  1641 2.372
  375 16576 3.232
  376 18711 2.593
  377 12488 1.182
  378  4578 2.728
  379 17200 1.327
  380 15618 0.936
  381  9801 1.074
  382 28468 2.333
  383 16760 4.342
  384 27112 2.366
  385 10919 0.952
  386  7899 4.628
  387  4775 1.119
  388 22134 1.928
  389 10414 3.482
  390 17618 2.391
  391 12149 1.809
  392  5568 7.996
  393 11455 1.456
  394 26122 6.395
  395  8520 1.661
  396  8842 0.893
  397 30859 10.182
  398 27993 3.009
  399 13864 3.346
  400  9422 1.386
  401 20034 0.998
  402  4161 2.624
  403 12410 4.067
  404  8225 4.593
  405 14300 2.655
  406  1751 9.900
  407  7596 1.494
  408 20454 5.903
  409 19833 5.380
  410 12566 1.017
  411  7549 1.634
  412 17217 13.584
  413 28031 1.430
  414 14011 3.483
  415 10186 0.857
  416     0 1.028
  417 13088 0.779
  418 10708 2.113
  419 19231 1.224
  420  8317 1.112
  421  9472 1.180
  422  9577 1.712
  423 14773 5.636
  424 26451 1.090
  425 24294 1.291
  426    10 0.767
  427 26154 2.700
  428 24479 1.593
  429  4523 1.086
  430  8788 1.267
  431 21417 0.865
  432 13553 2.902
  433 21459 1.205
  434 29339 5.137
  435  6589 1.118
  436 12142 3.421
  437 21467 1.673
  438 10644 11.156
  439  6240 0.906
  440 29885 2.799
  441  7597 1.196
  442 11516 1.703
  443 19764 3.266
  444 26588 2.111
  445  7210 4.819
  446 11973 3.438
  447 12612 1.257
  448 27682 2.119
  449  6253 0.994
  450 34734 3.194
  451   359 1.089
  452  8717 1.620
  453 10375 6.443
  454 13166 1.896
  455  7388 1.956
  456  4914 0.922
  457 22699 1.970
  458  6739 4.607
  459 35936 1.160
  460 23807 24.612
  461  4771 1.544
  462  7220 5.395
  463 20950 11.743
  464  7684 3.177
  465 32058 1.123
  466 15072 1.441
  467  4588 1.158
  468 36279 1.683
  469  5150 1.338
  470    32 0.858
  471 39416 6.043
  472 12472 1.209
  473 13651 2.185
  474 11541 1.502
  475 26368 17.964
  476 13780 1.423
  477 22038 1.557
  478 15545 1.949
  479 17574 2.394
  480 18494 2.502
  481  4195 4.793
  482 29553 1.661
  483 24277 2.585
  484 14944 1.660
  485 21055 1.220
  486 30176 1.795
  487 15157 0.867
  488     0 0.720
  489 45371 3.178
  490  6340 4.452
  491  3645 9.895
  492 17343 1.178
  493    52 0.799
  494 11455 7.414
  495 26910 7.939
  496 26924 1.748
  497  1649 0.834
  498 38267 4.451
  499  3839 1.984
  500 11754 2.191
  501 13733 3.504
  502 19311 1.342
  503 13061 2.154
  504 21426 1.318
  505 16236 1.366
  506 15064 1.740
  507 36082 1.301
  508 28839 3.307
  509  8987 3.338
  510 25830 12.082
  511 11801 1.736
  512 29769 5.012
  513  6528 1.474
  514 20806 3.191
  515  4701 0.908
  516 32684 1.876
  517 36014 1.458
  518  5344 1.218
  519 11039 4.214
  520 27994 1.933
  521 19016 0.663
  522 21133 0.872
  523 38472 1.917
  524 27494 2.466
  525  9188 1.491
  526 13470 9.485
  527 21956 2.589
  528 11480 1.132
  529 11659 1.035
  530 14301 1.298
  531 11771 0.678
  532  5401 1.131
  533 28657 1.728
  534 15629 1.462
  535 12961 0.981
  536 15639 1.963
  537  5863 1.005
  538   111 1.957
  539 15934 1.661
  540 13286 2.733
  541 16627 5.859
  542 18042 8.774
  543 12727 6.490
  544  9090 1.591
  545 38012 4.318
  546 33982 8.059
  547 16977 1.716
  548 18895 10.863
  549 11892 0.765
  550  8521 1.645
  551 24184 4.924
  552  7740 1.934
  553 12594 1.934
  554 20175 3.237
  555  9243 1.515
  556 13176 14.265
  557 24304 1.811
  558  9840 2.522
  559 12171 7.171
  560 15096 1.993
  561 21650 2.624
  562  7248 1.246
  563 34758 1.504
  564  2736 5.098
  565 11748 1.379
  566 11955 0.701
  567  8145 1.604
  568 36881 1.414
  569 27206 4.190
  570 19752 1.081
  571 28654 3.721
  572 17618 1.460
  573 36206 3.343
  574 11761 0.884
  575 31631 1.581
  576 23530 8.450
  577 29488 6.506
  578 19076 12.439
  579  4949 1.667
  580 15731 5.741
  581 21153 1.798
  582 17060 2.463
  583    22 0.826
  584 12631 1.130
  585 32095 10.254
  586 13983 3.946
  587  6151 1.506
  588 22447 0.831
  589 12088 0.829
  590 25452 5.390
  591  9417 4.381
  592  8028 2.030
  593 16877 7.348
  594  9187 1.820
  595  9073 1.522
  596 20980 2.582
  597 32743 11.263
  598 10712 2.459
  599 15154 1.446
  600 13685 1.648
  601  7207 0.855
  602 15066 1.439
  603  9000 4.847
  604 24617 2.136
  605  7103 1.519
  606 42023 2.938
  607  5823 1.329
  608 13544 1.935
  609  5879 1.111
  610 24509 1.067
  611 30724 2.574
  612 18335 3.822
  613 35983 1.426
  614 14528 1.234
  615 21180 9.753
  616  5594 1.261
  617 28288 3.955
  618 11837 1.100
  619  7276 2.013
  620 17641 2.456
  621 19742 12.887
  622 20334 2.554
  623 22383 2.237
  624 32915 2.105
  625 22073 1.318
  626  8495 2.770
  627 25917 2.076
  628 27206 7.901
  629 11719 1.782
  630 12501 1.875
  631 38885 15.038
  632 11762 1.104
  633  4890 3.032
  634  9567 1.507
  635 14586 5.809
  636 13453 2.520
  637    40 0.767
  638  3699 1.092
  639 34989 1.313
  640 21096 5.248
  641 21504 1.029
  642  6789 0.764
  643 34197 2.935
  644 27243 1.336
  645 24073 2.336
  646 39124 4.099
  647  7371 1.111
  648  7169 1.285
  649   508 1.774
  650 13338 4.230
  651 22438 0.869
  652 29983 8.506
  653 16209 3.411
  654  8788 2.009
  655 17840 1.684
  656 10491 2.056
  657 16846 1.958
  658 11208 2.604
  659 12307 0.933
  660 15308 2.061
  661 15038 0.936
  662  3879 28.660
  663  9842 2.383
  664 12737 5.816
  665 21432 1.932
  666    26 0.884
  667 10614 2.135
  668 23761 1.189
  669    78 0.749
  670 27366 9.716
  671  7216 1.234
  672 26423 4.013
  673 11709 2.068
  674 13069 7.753
  675 28562 2.153
  676 12944 22.701
  677 24286 2.425
  678 11589 1.756
  679  9004 4.677
  680 19669 12.938
  681   495 3.849
  682  6666 6.703
  683 15195 5.522
  684  8034 17.712
  685 27077 1.313
  686 36610 1.867
  687 17665 1.628
  688  8180 3.768
  689 11844 1.105
  690 32539 1.692
  691 18154 1.247
  692 36801 3.088
  693 13246 2.378
  694  6333 1.057
  695  8530 1.880
  696     0 1.238
  697  4525 2.023
  698 24884 1.040
  699 21629 1.094
  700 38746 1.772
  701  7185 3.134
  702 20916 2.066
  703  9509 1.599
  704  8198 1.451
  705 38137 1.741
  706 22355 2.481
  707 26596 0.847
  708  9421 1.794
  709 17561 3.556
  710 15306 2.370
  711 15317 0.930
  712 17377 5.472
  713 19811 4.384
  714  9491 3.810
  715 33818 2.040
  716 10026 1.478
  717 33926 2.188
  718 36631 2.904
  719 26479 1.454
  720 19939 0.922
  721  7694 7.731
  722 26082 0.980
  723 28671 9.154
  724 27692 2.080
  725 16615 1.157
  726 26064 1.496
  727  7143 18.415
  728 11237 15.819
  729  5765 1.281
  730  1755 2.353
  731  4554 1.096
  732 31939 4.363
  733 22382 32.574
  734  8740 8.711
  735 14295 0.565
  736 27851 1.210
  737 42833 4.048
  738 22187 0.995
  739 31797 5.635
  740 12136 1.683
  741 13109 2.482
  742 10257 4.373
  743  5719 5.279
  744 10755 8.240
  745 15970 2.217
  746  6201 1.419
  747 29556 3.314
  748 15926 1.990
  749 14768 1.628
  750  5538 1.905
  751 14863 1.084
  752 20841 1.801
  753 22629 1.266
  754 10601 1.278
  755 23712 2.651
  756  7779 1.915
  757  5768 3.886
  758 13276 2.420
  759 15495 2.522
  760 11748 1.162
  761  8189 2.465
  762  3399 2.206
  763  8501 1.136
  764 33725 14.309
  765 20737 1.564
  766 24903 1.902
  767 15839 0.919
  768 33539 2.237
  769  9112 1.141
  770 26698 0.989
  771 24872 7.300
  772  6736 2.116
  773 12908 2.663
  774 12813 0.982
  775 24008 2.154
  776  4019 2.087
  777  9795 1.457
  778  4208 1.417
  779 31173 5.686
  780 12680 3.457
  781 29162 5.043
  782 24219 1.757
  783 10096 1.046
  784 24477 1.266
  785 14178 1.142
  786 16985 2.137
  787 17814 2.588
  788 23759 14.241
  789 30736 2.472
  790 19828 8.002
  791 32685 40.526
  792 11524 2.067
  793 14284 0.791
  794 13437 0.833
  795  4748 1.805
  796 11215 1.667
  797 26746 1.050
  798 15176 0.713
  799 11102 1.146
  800 10150 5.666
  801 14610 2.190
  802 15277 2.479
  803 11429 1.351
  804 27155 3.653
  805 13540 7.432
  806 25692 2.604
  807 24544 1.828
  808  4618 4.263
  809 15058 1.342
  810  6561 11.052
  811 37514 2.515
  812    18 0.849
  813   253 1.461
  814  5674 1.000
  815 20539 10.485
  816  8574 3.725
  817 17056 4.557
  818 24384 1.183
  819 12870 1.671
  820 10005 2.486
  821 11584 1.044
  822 18709 2.127
  823  5711 5.409
  824 15572 3.634
  825  9302 1.487
  826 27834 5.528
  827 20708 1.402
  828 15106 4.110
  829 34590 19.474
  830 17764 1.797
  831 36455 1.960
  832 23542 4.398
  833  6622 0.696
  834 10615 1.322
  835  5151 2.023
  836 24749 2.472
  837 11842 1.699
  838  4869 1.219
  839 21112 1.036
  840 29587 1.838
  841 14810 5.551
  842 10526 1.207
  843 23853 1.545
  844 35251 1.866
  845 26629 1.222
  846 20524 1.004
  847  7877 3.041
  848 24065 1.837
  849  7084 3.262
  850  6278 1.741
  851 23497 1.906
  852  4454 1.446
  853  4395 0.913
  854 30114 5.775
  855 23438 1.694
  856 15416 4.028
  857 17921 1.692
  858 27046 1.642
  859 22696 1.260
  860 17854 2.824
  861 18394 4.387
  862  7480 0.763
  863 21344 7.985
  864 13630 0.995
  865 13600 1.084
  866 14305 5.470
  867 10739 0.799
  868 17105 1.747
  869 12059 2.322
  870 22754 1.938
  871 35276 2.822
  872 13087 8.784
  873 32816 0.856
  874  6120 1.304
  875  5054 1.129
  876  2018 0.954
  877 21459 13.819
  878  9448 3.731
  879 25817 3.379
  880  9184 2.992
  881 17612 2.337
  882 22670 0.496
  883 32333 1.451
  884  9761 1.827
  885  9793 1.541
  886 16017 2.540
  887 25131 4.747
  888  8303 1.300
  889 14499 5.633
  890 27126 1.827
  891 29426 1.712
  892 30444 6.388
  893 13127 2.271
  894 28591 1.498
  895 27520 1.644
  896  4388 1.739
  897  2329 16.092
  898 28917 9.874
  899  4204 5.063
  900  7700 0.902
  901 11736 1.350
  902 17243 0.568
  903  8651 0.745
  904 18822 2.447
  905 38645 1.253
  906 12716 6.912
  907 14383 7.445
  908 36776 1.817
  909 20454 3.300
  910 10406 5.409
  911 15801 1.463
  912 11876 1.002
  913  8014 2.452
  914 33329 5.316
  915 27998 2.622
  916 19109 2.379
  917 12964 6.076
  918 16688 0.910
  919  9862 0.772
  920  8545 1.852
  921 33710 3.034
  922  9099 0.805
  923 34049 1.552
  924 24041 3.963
  925  4677 2.496
  926 17753 0.972
  927 11054 1.194
  928 20060 0.877
  929 27487 1.128
  930 34689 3.479
  931 14622 1.651
  932    39 1.247
  933  8547 1.704
  934  8875 32.213
  935  6979 0.897
  936 34421 1.209
  937  6508 1.692
  938 16333 1.000
  939 19541 0.754
  940 23036 17.555
  941 10253 0.338
  942  8597 2.972
  943  5956 0.530
  944 10903 2.148
  945 18423 1.918
  946 13555 1.017
  947 14325 4.035
  948 12120 1.358
  949  6853 2.189
  950 11173 5.629
  951 27343 2.330
  952  4721 3.230
  953  7052 1.119
  954  7813 2.622
  955  5626 7.505
  956 25172 3.767
  957  2357 2.739
  958  5257 7.039
  959  4936 1.578
  960 12012 1.163
  961 12050 0.835
  962 30414 1.177
  963 13527 1.277
  964  3303 3.447
  965 19530 0.480
  966  5565 4.770
  967 12742 1.223
  968 12636 1.678
  969 10208 1.909
  970 10678 1.201
  971 10841 1.506
  972 16547 3.017
  973 13330 0.591
  974  9813 3.816
  975 28620 2.006
  976  1714 2.828
  977  9274 0.789
  978 14089 2.395
  979 12544 2.477
  980  9147 1.085
  981 23109 1.265
  982 22352 1.605
  983 28799 1.733
  984  3905 0.956
  985 13595 1.272
  986 34935 2.160
  987 29832 0.956
  988 36718 2.340
  989  2072 0.763
  990 11492 1.109
  991  5838 3.775
  992 14089 1.094
  993 28257 1.037
  994 17829 2.526
  995  9021 0.951
  996 22659 1.089
  997 17971 1.922
  998 21788 0.905
  999 26521 0.806
